  1.0000e-02  5.8723e-13  4.5545e-14  2.4615e+03  1.0000e-02  9.5000e-01  5.0000e-01
  1.0000e-01  5.8723e-13  4.5545e-14  2.4615e+03  1.0000e-02  9.5000e-01  5.0000e-01
  1.0090e-01  5.7412e-13  4.4868e-14  2.4065e+03  1.0000e-02  9.5000e-01  5.0000e-01
  1.0190e-01  5.6073e-13  4.4099e-14  2.3504e+03  1.0000e-02  9.5000e-01  5.0000e-01
  1.0280e-01  5.4673e-13  4.3325e-14  2.2917e+03  1.0000e-02  9.5000e-01  5.0000e-01
  1.0380e-01  5.3192e-13  4.2442e-14  2.2296e+03  1.0000e-02  9.5000e-01  5.0000e-01
  1.0470e-01  5.1693e-13  4.1461e-14  2.1668e+03  1.0000e-02  9.5000e-01  5.0000e-01
  1.0570e-01  5.0226e-13  4.0377e-14  2.1053e+03  1.0000e-02  9.5000e-01  5.0000e-01
  1.0670e-01  4.8770e-13  3.9035e-14  2.0443e+03  1.0000e-02  9.5000e-01  5.0000e-01
  1.0760e-01  4.7344e-13  3.7584e-14  1.9845e+03  1.0000e-02  9.5000e-01  5.0000e-01
  1.0860e-01  4.5926e-13  3.6040e-14  1.9251e+03  1.0000e-02  9.5000e-01  5.0000e-01
  1.0960e-01  4.4578e-13  3.4698e-14  1.8686e+03  1.0000e-02  9.5000e-01  5.0000e-01
  1.1070e-01  4.3289e-13  3.3511e-14  1.8145e+03  1.0000e-02  9.5000e-01  5.0000e-01
  1.1170e-01  4.2047e-13  3.2266e-14  1.7625e+03  1.0000e-02  9.5000e-01  5.0000e-01
  1.1270e-01  4.0829e-13  3.0929e-14  1.7114e+03  1.0000e-02  9.5000e-01  5.0000e-01
  1.1380e-01  3.9632e-13  2.9690e-14  1.6613e+03  1.0000e-02  9.5000e-01  5.0000e-01
  1.1480e-01  3.8453e-13  2.8446e-14  1.6118e+03  1.0000e-02  9.5000e-01  5.0000e-01
  1.1590e-01  3.7326e-13  2.7362e-14  1.5646e+03  1.0000e-02  9.5000e-01  5.0000e-01
  1.1690e-01  3.6226e-13  2.6335e-14  1.5185e+03  1.0000e-02  9.5000e-01  5.0000e-01
  1.1800e-01  3.5164e-13  2.5405e-14  1.4739e+03  1.0000e-02  9.5000e-01  5.0000e-01
  1.1910e-01  3.4107e-13  2.4368e-14  1.4296e+03  1.0000e-02  9.5000e-01  5.0000e-01
  1.2020e-01  3.3088e-13  2.3444e-14  1.3869e+03  1.0000e-02  9.5000e-01  5.0000e-01
  1.2130e-01  3.2090e-13  2.2561e-14  1.3451e+03  1.0000e-02  9.5000e-01  5.0000e-01
  1.2250e-01  3.1119e-13  2.1657e-14  1.3044e+03  1.0000e-02  9.5000e-01  5.0000e-01
  1.2360e-01  3.0179e-13  2.0821e-14  1.2650e+03  1.0000e-02  9.5000e-01  5.0000e-01
  1.2470e-01  2.9274e-13  1.9954e-14  1.2271e+03  1.0000e-02  9.5000e-01  5.0000e-01
  1.2590e-01  2.8394e-13  1.9138e-14  1.1902e+03  1.0000e-02  9.5000e-01  5.0000e-01
  1.2710e-01  2.7549e-13  1.8394e-14  1.1548e+03  1.0000e-02  9.5000e-01  5.0000e-01
  1.2820e-01  2.6744e-13  1.7780e-14  1.1210e+03  1.0000e-02  9.5000e-01  5.0000e-01
  1.2940e-01  2.5958e-13  1.6985e-14  1.0881e+03  1.0000e-02  9.5000e-01  5.0000e-01
  1.3060e-01  2.5008e-13  1.6355e-14  1.0482e+03  1.0000e-02  9.5000e-01  5.0000e-01
  1.3180e-01  2.4353e-13  1.5705e-14  1.0208e+03  1.0000e-02  9.5000e-01  5.0000e-01
  1.3300e-01  2.3736e-13  1.5137e-14  9.9492e+02  1.0000e-02  9.5000e-01  5.0000e-01
  1.3430e-01  2.3149e-13  1.4626e-14  9.7034e+02  1.0000e-02  9.5000e-01  5.0000e-01
  1.3550e-01  2.2589e-13  1.4084e-14  9.4684e+02  1.0000e-02  9.5000e-01  5.0000e-01
  1.3680e-01  2.2057e-13  1.3557e-14  9.2457e+02  1.0000e-02  9.5000e-01  5.0000e-01
  1.3800e-01  2.1555e-13  1.3098e-14  9.0351e+02  1.0000e-02  9.5000e-01  5.0000e-01
  1.3930e-01  2.1076e-13  1.2705e-14  8.8343e+02  1.0000e-02  9.5000e-01  5.0000e-01
  1.4060e-01  2.0618e-13  1.2318e-14  8.6424e+02  1.0000e-02  9.5000e-01  5.0000e-01
  1.4190e-01  2.0177e-13  1.1941e-14  8.4573e+02  1.0000e-02  9.5000e-01  5.0000e-01
  1.4320e-01  1.9725e-13  1.1631e-14  8.2680e+02  1.0000e-02  9.5000e-01  5.0000e-01
  1.4450e-01  1.9261e-13  1.1260e-14  8.0737e+02  1.0000e-02  9.5000e-01  5.0000e-01
  1.4590e-01  1.8789e-13  1.0874e-14  7.8757e+02  1.0000e-02  9.5000e-01  5.0000e-01
  1.4720e-01  1.8325e-13  1.0466e-14  7.6813e+02  1.0000e-02  9.5000e-01  5.0000e-01
  1.4860e-01  1.7892e-13  1.0078e-14  7.4998e+02  1.0000e-02  9.5000e-01  5.0000e-01
  1.5000e-01  1.7465e-13  9.6500e-15  7.3208e+02  1.0000e-02  9.5000e-01  5.0000e-01
  1.5140e-01  1.7069e-13  9.2266e-15  7.1547e+02  1.0000e-02  9.5000e-01  5.0000e-01
  1.5280e-01  1.6710e-13  8.8085e-15  7.0044e+02  1.0000e-02  9.5000e-01  5.0000e-01
  1.5420e-01  1.6382e-13  8.3949e-15  6.8669e+02  1.0000e-02  9.5000e-01  5.0000e-01
  1.5560e-01  1.6093e-13  7.9928e-15  6.7458e+02  1.0000e-02  9.5000e-01  5.0000e-01
  1.5700e-01  1.5846e-13  7.6004e-15  6.6423e+02  1.0000e-02  9.5000e-01  5.0000e-01
  1.5850e-01  1.5638e-13  7.2184e-15  6.5551e+02  1.0000e-02  9.5000e-01  5.0000e-01
  1.6000e-01  1.5463e-13  6.8518e-15  6.4814e+02  1.0000e-02  9.5000e-01  5.0000e-01
  1.6140e-01  1.5334e-13  6.5163e-15  6.4276e+02  1.0000e-02  9.5000e-01  5.0000e-01
  1.6290e-01  1.5245e-13  6.1858e-15  6.3900e+02  1.0000e-02  9.5000e-01  5.0000e-01
  1.6440e-01  1.5188e-13  5.8864e-15  6.3663e+02  1.0000e-02  9.5000e-01  5.0000e-01
  1.6600e-01  1.5177e-13  5.5968e-15  6.3616e+02  1.0000e-02  9.5000e-01  5.0000e-01
  1.6750e-01  1.5210e-13  5.3283e-15  6.3755e+02  1.0000e-02  9.5000e-01  5.0000e-01
  1.6900e-01  1.5279e-13  5.0805e-15  6.4044e+02  1.0000e-02  9.5000e-01  5.0000e-01
  1.7060e-01  1.5389e-13  4.8534e-15  6.4507e+02  1.0000e-02  9.5000e-01  5.0000e-01
  1.7220e-01  1.5540e-13  4.6417e-15  6.5137e+02  1.0000e-02  9.5000e-01  5.0000e-01
  1.7380e-01  1.5718e-13  4.4456e-15  6.5884e+02  1.0000e-02  9.5000e-01  5.0000e-01
  1.7540e-01  1.5941e-13  4.2648e-15  6.6820e+02  1.0000e-02  9.5000e-01  5.0000e-01
  1.7700e-01  1.6204e-13  4.1048e-15  6.7923e+02  1.0000e-02  9.5000e-01  5.0000e-01
  1.7860e-01  1.6518e-13  3.9546e-15  6.9240e+02  1.0000e-02  9.5000e-01  5.0000e-01
  1.8030e-01  1.6875e-13  3.8209e-15  7.0733e+02  1.0000e-02  9.5000e-01  5.0000e-01
  1.8200e-01  1.7291e-13  3.7068e-15  7.2480e+02  1.0000e-02  9.5000e-01  5.0000e-01
  1.8370e-01  1.7767e-13  3.6040e-15  7.4473e+02  1.0000e-02  9.5000e-01  5.0000e-01
  1.8540e-01  1.8304e-13  3.5261e-15  7.6723e+02  1.0000e-02  9.5000e-01  5.0000e-01
  1.8710e-01  1.8913e-13  3.4331e-15  7.9278e+02  1.0000e-02  9.5000e-01  5.0000e-01
  1.8880e-01  1.9595e-13  3.3614e-15  8.2138e+02  1.0000e-02  9.5000e-01  5.0000e-01
  1.9050e-01  2.0369e-13  3.3923e-15  8.5380e+02  1.0000e-02  9.5000e-01  5.0000e-01
  1.9230e-01  2.1217e-13  3.3846e-15  8.8936e+02  1.0000e-02  9.5000e-01  5.0000e-01
  1.9410e-01  2.2152e-13  3.3301e-15  9.2852e+02  1.0000e-02  9.5000e-01  5.0000e-01
  1.9590e-01  2.3182e-13  3.3316e-15  9.7173e+02  1.0000e-02  9.5000e-01  5.0000e-01
  1.9770e-01  2.4299e-13  3.3901e-15  1.0185e+03  1.0000e-02  9.5000e-01  5.0000e-01
  1.9950e-01  2.5496e-13  3.4550e-15  1.0687e+03  1.0000e-02  9.5000e-01  5.0000e-01
  2.0140e-01  2.6759e-13  3.5242e-15  1.1216e+03  1.0000e-02  9.5000e-01  5.0000e-01
  2.0320e-01  2.8055e-13  3.4948e-15  1.1760e+03  1.0000e-02  9.5000e-01  5.0000e-01
  2.0510e-01  2.9374e-13  3.5727e-15  1.2313e+03  1.0000e-02  9.5000e-01  5.0000e-01
  2.0700e-01  3.0655e-13  3.6543e-15  1.2850e+03  1.0000e-02  9.5000e-01  5.0000e-01
  2.0890e-01  3.1845e-13  3.6884e-15  1.3349e+03  1.0000e-02  9.5000e-01  5.0000e-01
  2.1090e-01  3.2883e-13  3.7777e-15  1.3783e+03  1.0000e-02  9.5000e-01  5.0000e-01
  2.1280e-01  3.3706e-13  3.8716e-15  1.4128e+03  1.0000e-02  9.5000e-01  5.0000e-01
  2.1480e-01  3.4241e-13  3.9155e-15  1.4353e+03  1.0000e-02  9.5000e-01  5.0000e-01
  2.1680e-01  3.4443e-13  3.9630e-15  1.4437e+03  1.0000e-02  9.5000e-01  5.0000e-01
  2.1880e-01  3.4264e-13  3.9108e-15  1.4362e+03  1.0000e-02  9.5000e-01  5.0000e-01
  2.2080e-01  3.3720e-13  3.8097e-15  1.4134e+03  1.0000e-02  9.5000e-01  5.0000e-01
  2.2280e-01  3.2874e-13  3.7106e-15  1.3780e+03  1.0000e-02  9.5000e-01  5.0000e-01
  2.2490e-01  3.1781e-13  3.5624e-15  1.3321e+03  1.0000e-02  9.5000e-01  5.0000e-01
  2.2700e-01  3.0524e-13  3.4167e-15  1.2795e+03  1.0000e-02  9.5000e-01  5.0000e-01
  2.2910e-01  2.9165e-13  3.2738e-15  1.2225e+03  1.0000e-02  9.5000e-01  5.0000e-01
  2.3120e-01  2.7744e-13  3.0812e-15  1.1629e+03  1.0000e-02  9.5000e-01  5.0000e-01
  2.3330e-01  2.6324e-13  2.9418e-15  1.1034e+03  1.0000e-02  9.5000e-01  5.0000e-01
  2.3550e-01  2.4931e-13  2.7527e-15  1.0450e+03  1.0000e-02  9.5000e-01  5.0000e-01
  2.3770e-01  2.3600e-13  2.6691e-15  9.8922e+02  1.0000e-02  9.5000e-01  5.0000e-01
  2.3990e-01  2.2341e-13  2.3800e-15  9.3647e+02  1.0000e-02  9.5000e-01  5.0000e-01
  2.4210e-01  2.1187e-13  2.2479e-15  8.8809e+02  1.0000e-02  9.5000e-01  5.0000e-01
  2.4430e-01  2.0126e-13  2.0651e-15  8.4361e+02  1.0000e-02  9.5000e-01  5.0000e-01
  2.4660e-01  1.9163e-13  1.9361e-15  8.0324e+02  1.0000e-02  9.5000e-01  5.0000e-01
  2.4890e-01  1.8287e-13  1.8391e-15  7.6653e+02  1.0000e-02  9.5000e-01  5.0000e-01
  2.5120e-01  1.7491e-13  1.7270e-15  7.3317e+02  1.0000e-02  9.5000e-01  5.0000e-01
  2.5350e-01  1.6769e-13  1.6165e-15  7.0290e+02  1.0000e-02  9.5000e-01  5.0000e-01
  2.5590e-01  1.6115e-13  1.5225e-15  6.7547e+02  1.0000e-02  9.5000e-01  5.0000e-01
  2.5820e-01  1.5520e-13  1.4296e-15  6.5053e+02  1.0000e-02  9.5000e-01  5.0000e-01
  2.6060e-01  1.4972e-13  1.3475e-15  6.2758e+02  1.0000e-02  9.5000e-01  5.0000e-01
  2.6300e-01  1.4477e-13  1.2716e-15  6.0682e+02  1.0000e-02  9.5000e-01  5.0000e-01
  2.6550e-01  1.4026e-13  1.1973e-15  5.8793e+02  1.0000e-02  9.5000e-01  5.0000e-01
  2.6790e-01  1.3618e-13  1.1332e-15  5.7081e+02  1.0000e-02  9.5000e-01  5.0000e-01
  2.7040e-01  1.3240e-13  1.0759e-15  5.5498e+02  1.0000e-02  9.5000e-01  5.0000e-01
  2.7290e-01  1.2891e-13  1.0186e-15  5.4036e+02  1.0000e-02  9.5000e-01  5.0000e-01
  2.7540e-01  1.2577e-13  9.6754e-16  5.2719e+02  1.0000e-02  9.5000e-01  5.0000e-01
  2.7800e-01  1.2280e-13  9.1694e-16  5.1475e+02  1.0000e-02  9.5000e-01  5.0000e-01
  2.8050e-01  1.2011e-13  8.7202e-16  5.0345e+02  1.0000e-02  9.5000e-01  5.0000e-01
  2.8310e-01  1.1761e-13  8.2245e-16  4.9297e+02  1.0000e-02  9.5000e-01  5.0000e-01
  2.8580e-01  1.1522e-13  7.8937e-16  4.8295e+02  1.0000e-02  9.5000e-01  5.0000e-01
  2.8840e-01  1.1308e-13  7.5120e-16  4.7401e+02  1.0000e-02  9.5000e-01  5.0000e-01
  2.9110e-01  1.1104e-13  7.1399e-16  4.6545e+02  1.0000e-02  9.5000e-01  5.0000e-01
  2.9380e-01  1.0913e-13  6.8204e-16  4.5745e+02  1.0000e-02  9.5000e-01  5.0000e-01
  2.9650e-01  1.0735e-13  6.5106e-16  4.4999e+02  1.0000e-02  9.5000e-01  5.0000e-01
  2.9920e-01  1.0566e-13  6.2003e-16  4.4288e+02  1.0000e-02  9.5000e-01  5.0000e-01
  3.0200e-01  1.0409e-13  5.9428e-16  4.3631e+02  1.0000e-02  9.5000e-01  5.0000e-01
  3.0480e-01  1.0209e-13  5.6427e-16  4.2793e+02  1.0000e-02  9.5000e-01  5.0000e-01
  3.0760e-01  9.9895e-14  5.4000e-16  4.1873e+02  1.0000e-02  9.5000e-01  5.0000e-01
  3.1050e-01  9.7715e-14  5.2091e-16  4.0959e+02  1.0000e-02  9.5000e-01  5.0000e-01
  3.1330e-01  9.5546e-14  4.9721e-16  4.0050e+02  1.0000e-02  9.5000e-01  5.0000e-01
  3.1620e-01  9.3444e-14  4.7398e-16  3.9169e+02  1.0000e-02  9.5000e-01  5.0000e-01
  3.1920e-01  9.1353e-14  4.5070e-16  3.8292e+02  1.0000e-02  9.5000e-01  5.0000e-01
  3.2210e-01  8.9329e-14  4.3315e-16  3.7444e+02  1.0000e-02  9.5000e-01  5.0000e-01
  3.2510e-01  8.7322e-14  4.1616e-16  3.6602e+02  1.0000e-02  9.5000e-01  5.0000e-01
  3.2810e-01  8.5325e-14  3.9907e-16  3.5765e+02  1.0000e-02  9.5000e-01  5.0000e-01
  3.3110e-01  8.3395e-14  3.8209e-16  3.4957e+02  1.0000e-02  9.5000e-01  5.0000e-01
  3.3420e-01  8.1477e-14  3.6603e-16  3.4153e+02  1.0000e-02  9.5000e-01  5.0000e-01
  3.3730e-01  7.9621e-14  3.4951e-16  3.3374e+02  1.0000e-02  9.5000e-01  5.0000e-01
  3.4040e-01  7.7780e-14  3.3866e-16  3.2603e+02  1.0000e-02  9.5000e-01  5.0000e-01
  3.4360e-01  7.5950e-14  3.2266e-16  3.1836e+02  1.0000e-02  9.5000e-01  5.0000e-01
  3.4670e-01  7.4188e-14  3.1234e-16  3.1097e+02  1.0000e-02  9.5000e-01  5.0000e-01
  3.4990e-01  7.2436e-14  3.0253e-16  3.0363e+02  1.0000e-02  9.5000e-01  5.0000e-01
  3.5320e-01  7.0720e-14  2.8704e-16  2.9643e+02  1.0000e-02  9.5000e-01  5.0000e-01
  3.5650e-01  6.9030e-14  2.7207e-16  2.8935e+02  1.0000e-02  9.5000e-01  5.0000e-01
  3.5970e-01  6.7383e-14  2.6799e-16  2.8245e+02  1.0000e-02  9.5000e-01  5.0000e-01
  3.6310e-01  6.5755e-14  2.5297e-16  2.7562e+02  1.0000e-02  9.5000e-01  5.0000e-01
  3.6640e-01  6.4155e-14  2.4367e-16  2.6891e+02  1.0000e-02  9.5000e-01  5.0000e-01
  3.6980e-01  6.2580e-14  2.3438e-16  2.6231e+02  1.0000e-02  9.5000e-01  5.0000e-01
  3.7330e-01  6.1031e-14  2.2509e-16  2.5582e+02  1.0000e-02  9.5000e-01  5.0000e-01
  3.7670e-01  5.9508e-14  2.1632e-16  2.4944e+02  1.0000e-02  9.5000e-01  5.0000e-01
  3.8020e-01  5.8012e-14  2.0806e-16  2.4317e+02  1.0000e-02  9.5000e-01  5.0000e-01
  3.8370e-01  5.6541e-14  1.9979e-16  2.3700e+02  1.0000e-02  9.5000e-01  5.0000e-01
  3.8730e-01  5.5096e-14  1.9102e-16  2.3095e+02  1.0000e-02  9.5000e-01  5.0000e-01
  3.9080e-01  5.3682e-14  1.8792e-16  2.2502e+02  1.0000e-02  9.5000e-01  5.0000e-01
  3.9450e-01  5.2290e-14  1.7450e-16  2.1918e+02  1.0000e-02  9.5000e-01  5.0000e-01
  3.9810e-01  5.0924e-14  1.7196e-16  2.1346e+02  1.0000e-02  9.5000e-01  5.0000e-01
  4.0180e-01  4.9583e-14  1.6366e-16  2.0783e+02  1.0000e-02  9.5000e-01  5.0000e-01
  4.0550e-01  4.8268e-14  1.6107e-16  2.0232e+02  1.0000e-02  9.5000e-01  5.0000e-01
  4.0930e-01  4.6974e-14  1.5333e-16  1.9690e+02  1.0000e-02  9.5000e-01  5.0000e-01
  4.1300e-01  4.5706e-14  1.4559e-16  1.9158e+02  1.0000e-02  9.5000e-01  5.0000e-01
  4.1690e-01  4.4469e-14  1.4358e-16  1.8640e+02  1.0000e-02  9.5000e-01  5.0000e-01
  4.2070e-01  4.3248e-14  1.3578e-16  1.8128e+02  1.0000e-02  9.5000e-01  5.0000e-01
  4.2460e-01  4.2058e-14  1.3371e-16  1.7629e+02  1.0000e-02  9.5000e-01  5.0000e-01
  4.2850e-01  4.0884e-14  1.2648e-16  1.7137e+02  1.0000e-02  9.5000e-01  5.0000e-01
  4.3250e-01  3.9741e-14  1.1925e-16  1.6658e+02  1.0000e-02  9.5000e-01  5.0000e-01
  4.3650e-01  3.8618e-14  1.1208e-16  1.6187e+02  1.0000e-02  9.5000e-01  5.0000e-01
  4.4060e-01  3.7527e-14  1.1048e-16  1.5730e+02  1.0000e-02  9.5000e-01  5.0000e-01
  4.4460e-01  3.6457e-14  1.0893e-16  1.5282e+02  1.0000e-02  9.5000e-01  5.0000e-01
  4.4870e-01  3.5407e-14  1.0170e-16  1.4841e+02  1.0000e-02  9.5000e-01  5.0000e-01
  4.5290e-01  3.4383e-14  1.0015e-16  1.4412e+02  1.0000e-02  9.5000e-01  5.0000e-01
  4.5710e-01  3.3381e-14  9.3445e-17  1.3992e+02  1.0000e-02  9.5000e-01  5.0000e-01
  4.6130e-01  3.2404e-14  9.1947e-17  1.3583e+02  1.0000e-02  9.5000e-01  5.0000e-01
  4.6560e-01  3.1447e-14  8.5181e-17  1.3182e+02  1.0000e-02  9.5000e-01  5.0000e-01
  4.6990e-01  3.0522e-14  8.8796e-17  1.2794e+02  1.0000e-02  9.5000e-01  5.0000e-01
  4.7420e-01  2.9608e-14  8.2084e-17  1.2411e+02  1.0000e-02  9.5000e-01  5.0000e-01
  4.7860e-01  2.8719e-14  8.1051e-17  1.2038e+02  1.0000e-02  9.5000e-01  5.0000e-01
  4.8310e-01  2.7851e-14  7.9504e-17  1.1674e+02  1.0000e-02  9.5000e-01  5.0000e-01
  4.8750e-01  2.7000e-14  7.3311e-17  1.1317e+02  1.0000e-02  9.5000e-01  5.0000e-01
  4.9200e-01  2.6179e-14  7.2276e-17  1.0973e+02  1.0000e-02  9.5000e-01  5.0000e-01
  4.9660e-01  2.5368e-14  7.1246e-17  1.0633e+02  1.0000e-02  9.5000e-01  5.0000e-01
  5.0120e-01  2.4578e-14  6.4530e-17  1.0302e+02  1.0000e-02  9.5000e-01  5.0000e-01
  5.0580e-01  2.3804e-14  6.3500e-17  9.9778e+01  1.0000e-02  9.5000e-01  5.0000e-01
  5.1050e-01  2.3045e-14  6.2469e-17  9.6599e+01  1.0000e-02  9.5000e-01  5.0000e-01
  5.1520e-01  2.2308e-14  6.1952e-17  9.3506e+01  1.0000e-02  9.5000e-01  5.0000e-01
  5.2000e-01  2.1580e-14  5.5757e-17  9.0457e+01  1.0000e-02  9.5000e-01  5.0000e-01
  5.2480e-01  2.0879e-14  5.4774e-17  8.7517e+01  1.0000e-02  9.5000e-01  5.0000e-01
  5.2970e-01  2.0193e-14  5.3692e-17  8.4643e+01  1.0000e-02  9.5000e-01  5.0000e-01
  5.3460e-01  1.9523e-14  4.7497e-17  8.1832e+01  1.0000e-02  9.5000e-01  5.0000e-01
  5.3950e-01  1.8878e-14  4.6980e-17  7.9131e+01  1.0000e-02  9.5000e-01  5.0000e-01
  5.4450e-01  1.8244e-14  4.5946e-17  7.6474e+01  1.0000e-02  9.5000e-01  5.0000e-01
  5.4950e-01  1.7637e-14  4.5431e-17  7.3927e+01  1.0000e-02  9.5000e-01  5.0000e-01
  5.5460e-01  1.7044e-14  4.4913e-17  7.1443e+01  1.0000e-02  9.5000e-01  5.0000e-01
  5.5980e-01  1.6462e-14  3.9235e-17  6.9005e+01  1.0000e-02  9.5000e-01  5.0000e-01
  5.6490e-01  1.5906e-14  3.8203e-17  6.6672e+01  1.0000e-02  9.5000e-01  5.0000e-01
  5.7020e-01  1.5367e-14  3.8720e-17  6.4414e+01  1.0000e-02  9.5000e-01  5.0000e-01
  5.7540e-01  1.4840e-14  3.7173e-17  6.2202e+01  1.0000e-02  9.5000e-01  5.0000e-01
  5.8080e-01  1.4332e-14  3.6655e-17  6.0076e+01  1.0000e-02  9.5000e-01  5.0000e-01
  5.8610e-01  1.3838e-14  3.4589e-17  5.8003e+01  1.0000e-02  9.5000e-01  5.0000e-01
  5.9160e-01  1.3363e-14  3.3558e-17  5.6015e+01  1.0000e-02  9.5000e-01  5.0000e-01
  5.9700e-01  1.2902e-14  3.2524e-17  5.4081e+01  1.0000e-02  9.5000e-01  5.0000e-01
  6.0260e-01  1.2454e-14  3.0976e-17  5.2203e+01  1.0000e-02  9.5000e-01  5.0000e-01
  6.0810e-01  1.2026e-14  3.0459e-17  5.0410e+01  1.0000e-02  9.5000e-01  5.0000e-01
  6.1380e-01  1.1611e-14  3.4073e-17  4.8668e+01  1.0000e-02  9.5000e-01  5.0000e-01
  6.1940e-01  1.1204e-14  2.7878e-17  4.6964e+01  1.0000e-02  9.5000e-01  5.0000e-01
  6.2520e-01  1.0816e-14  2.6846e-17  4.5337e+01  1.0000e-02  9.5000e-01  5.0000e-01
  6.3100e-01  1.0436e-14  2.5296e-17  4.3743e+01  1.0000e-02  9.5000e-01  5.0000e-01
  6.3680e-01  1.0069e-14  2.5296e-17  4.2207e+01  1.0000e-02  9.5000e-01  5.0000e-01
  6.4270e-01  9.7107e-15  2.3747e-17  4.0704e+01  1.0000e-02  9.5000e-01  5.0000e-01
  6.4860e-01  9.3634e-15  2.3232e-17  3.9248e+01  1.0000e-02  9.5000e-01  5.0000e-01
  6.5460e-01  9.0234e-15  2.1683e-17  3.7823e+01  1.0000e-02  9.5000e-01  5.0000e-01
  6.6070e-01  8.6938e-15  2.1683e-17  3.6441e+01  1.0000e-02  9.5000e-01  5.0000e-01
  6.6680e-01  8.3734e-15  2.1167e-17  3.5098e+01  1.0000e-02  9.5000e-01  5.0000e-01
  6.7300e-01  8.0644e-15  1.9617e-17  3.3803e+01  1.0000e-02  9.5000e-01  5.0000e-01
  6.7920e-01  7.7662e-15  1.9101e-17  3.2553e+01  1.0000e-02  9.5000e-01  5.0000e-01
  6.8550e-01  7.4794e-15  1.8069e-17  3.1351e+01  1.0000e-02  9.5000e-01  5.0000e-01
  6.9180e-01  7.2035e-15  1.8069e-17  3.0195e+01  1.0000e-02  9.5000e-01  5.0000e-01
  6.9820e-01  6.9389e-15  1.8069e-17  2.9085e+01  1.0000e-02  9.5000e-01  5.0000e-01
  7.0470e-01  6.6846e-15  1.6520e-17  2.8020e+01  1.0000e-02  9.5000e-01  5.0000e-01
  7.1120e-01  6.4423e-15  1.6521e-17  2.7004e+01  1.0000e-02  9.5000e-01  5.0000e-01
  7.1780e-01  6.2102e-15  1.5488e-17  2.6031e+01  1.0000e-02  9.5000e-01  5.0000e-01
  7.2440e-01  5.9885e-15  1.4455e-17  2.5102e+01  1.0000e-02  9.5000e-01  5.0000e-01
  7.3110e-01  5.7777e-15  1.4455e-17  2.4218e+01  1.0000e-02  9.5000e-01  5.0000e-01
  7.3790e-01  5.5756e-15  1.3423e-17  2.3371e+01  1.0000e-02  9.5000e-01  5.0000e-01
  7.4470e-01  5.3834e-15  1.3939e-17  2.2565e+01  1.0000e-02  9.5000e-01  5.0000e-01
  7.5160e-01  5.1983e-15  1.3423e-17  2.1790e+01  1.0000e-02  9.5000e-01  5.0000e-01
  7.5860e-01  5.0211e-15  1.2390e-17  2.1047e+01  1.0000e-02  9.5000e-01  5.0000e-01
  7.6560e-01  4.8516e-15  1.1874e-17  2.0336e+01  1.0000e-02  9.5000e-01  5.0000e-01
  7.7270e-01  4.6887e-15  1.1357e-17  1.9654e+01  1.0000e-02  9.5000e-01  5.0000e-01
  7.7980e-01  4.5327e-15  1.0842e-17  1.8999e+01  1.0000e-02  9.5000e-01  5.0000e-01
  7.8700e-01  4.3843e-15  1.0842e-17  1.8378e+01  1.0000e-02  9.5000e-01  5.0000e-01
  7.9430e-01  4.2422e-15  1.0841e-17  1.7782e+01  1.0000e-02  9.5000e-01  5.0000e-01
  8.0170e-01  4.1073e-15  1.0325e-17  1.7216e+01  1.0000e-02  9.5000e-01  5.0000e-01
  8.0910e-01  3.9801e-15  9.8091e-18  1.6683e+01  1.0000e-02  9.5000e-01  5.0000e-01
  8.1660e-01  3.8581e-15  9.2932e-18  1.6172e+01  1.0000e-02  9.5000e-01  5.0000e-01
  8.2410e-01  3.7434e-15  8.7770e-18  1.5691e+01  1.0000e-02  9.5000e-01  5.0000e-01
  8.3180e-01  3.6354e-15  8.7765e-18  1.5238e+01  1.0000e-02  9.5000e-01  5.0000e-01
  8.3950e-01  3.5340e-15  8.7767e-18  1.4813e+01  1.0000e-02  9.5000e-01  5.0000e-01
  8.4720e-01  3.4384e-15  7.7440e-18  1.4413e+01  1.0000e-02  9.5000e-01  5.0000e-01
  8.5510e-01  3.3495e-15  8.2598e-18  1.4040e+01  1.0000e-02  9.5000e-01  5.0000e-01
  8.6300e-01  3.2673e-15  8.2605e-18  1.3695e+01  1.0000e-02  9.5000e-01  5.0000e-01
  8.7100e-01  3.1908e-15  7.2273e-18  1.3375e+01  1.0000e-02  9.5000e-01  5.0000e-01
  8.7900e-01  3.1215e-15  7.2279e-18  1.3084e+01  1.0000e-02  9.5000e-01  5.0000e-01
  8.8720e-01  3.0584e-15  6.1952e-18  1.2820e+01  1.0000e-02  9.5000e-01  5.0000e-01
  8.9540e-01  3.0026e-15  6.4019e-18  1.2586e+01  1.0000e-02  9.5000e-01  5.0000e-01
  9.0360e-01  2.9545e-15  6.2467e-18  1.2384e+01  1.0000e-02  9.5000e-01  5.0000e-01
  9.1200e-01  2.9142e-15  5.6789e-18  1.2215e+01  1.0000e-02  9.5000e-01  5.0000e-01
  9.2040e-01  2.8828e-15  5.5758e-18  1.2084e+01  1.0000e-02  9.5000e-01  5.0000e-01
  9.2900e-01  2.8627e-15  5.4723e-18  1.1999e+01  1.0000e-02  9.5000e-01  5.0000e-01
  9.3760e-01  2.8556e-15  5.3691e-18  1.1970e+01  1.0000e-02  9.5000e-01  5.0000e-01
  9.4620e-01  2.8640e-15  5.2658e-18  1.2005e+01  1.0000e-02  9.5000e-01  5.0000e-01
  9.5500e-01  2.8932e-15  5.2145e-18  1.2127e+01  1.0000e-02  9.5000e-01  5.0000e-01
  9.6380e-01  2.9492e-15  5.1112e-18  1.2362e+01  1.0000e-02  9.5000e-01  5.0000e-01
  9.7270e-01  3.0425e-15  4.5431e-18  1.2753e+01  1.0000e-02  9.5000e-01  5.0000e-01
  9.8170e-01  3.1900e-15  4.4914e-18  1.3371e+01  1.0000e-02  9.5000e-01  5.0000e-01
  9.9080e-01  3.4155e-15  4.4395e-18  1.4317e+01  1.0000e-02  9.5000e-01  5.0000e-01
  1.0000e+00  3.7609e-15  4.3881e-18  1.5764e+01  1.0000e-02  9.5000e-01  5.0000e-01
  1.0090e+00  4.2885e-15  3.7684e-18  1.7976e+01  1.0000e-02  9.5000e-01  5.0000e-01
  1.0190e+00  5.0909e-15  3.7168e-18  2.1339e+01  1.0000e-02  9.5000e-01  5.0000e-01
  1.0280e+00  6.2489e-15  3.6139e-18  2.6193e+01  1.0000e-02  9.5000e-01  5.0000e-01
  1.0380e+00  7.6482e-15  4.1301e-18  3.2059e+01  1.0000e-02  9.5000e-01  5.0000e-01
  1.0470e+00  8.6210e-15  3.5618e-18  3.6136e+01  1.0000e-02  9.5000e-01  5.0000e-01
  1.0570e+00  8.3089e-15  3.5110e-18  3.4828e+01  1.0000e-02  9.5000e-01  5.0000e-01
  1.0670e+00  6.9989e-15  2.8913e-18  2.9337e+01  1.0000e-02  9.5000e-01  5.0000e-01
  1.0760e+00  5.6100e-15  3.4072e-18  2.3515e+01  1.0000e-02  9.5000e-01  5.0000e-01
  1.0860e+00  4.5546e-15  3.3039e-18  1.9091e+01  1.0000e-02  9.5000e-01  5.0000e-01
  1.0960e+00  3.8318e-15  3.3043e-18  1.6062e+01  1.0000e-02  9.5000e-01  5.0000e-01
  1.1070e+00  3.3449e-15  2.6845e-18  1.4021e+01  1.0000e-02  9.5000e-01  5.0000e-01
  1.1170e+00  3.0150e-15  2.6847e-18  1.2638e+01  1.0000e-02  9.5000e-01  5.0000e-01
  1.1270e+00  2.7910e-15  2.6840e-18  1.1699e+01  1.0000e-02  9.5000e-01  5.0000e-01
  1.1380e+00  2.6387e-15  2.6328e-18  1.1061e+01  1.0000e-02  9.5000e-01  5.0000e-01
  1.1480e+00  2.5402e-15  2.0651e-18  1.0648e+01  1.0000e-02  9.5000e-01  5.0000e-01
  1.1590e+00  2.4845e-15  2.0138e-18  1.0414e+01  1.0000e-02  9.5000e-01  5.0000e-01
  1.1690e+00  2.4656e-15  2.5299e-18  1.0335e+01  1.0000e-02  9.5000e-01  5.0000e-01
  1.1800e+00  2.4797e-15  1.9101e-18  1.0394e+01  1.0000e-02  9.5000e-01  5.0000e-01
  1.1910e+00  2.5269e-15  2.4265e-18  1.0592e+01  1.0000e-02  9.5000e-01  5.0000e-01
  1.2020e+00  2.6046e-15  2.3747e-18  1.0918e+01  1.0000e-02  9.5000e-01  5.0000e-01
  1.2130e+00  2.7092e-15  1.8584e-18  1.1356e+01  1.0000e-02  9.5000e-01  5.0000e-01
  1.2250e+00  2.8298e-15  1.8067e-18  1.1862e+01  1.0000e-02  9.5000e-01  5.0000e-01
  1.2360e+00  2.9464e-15  2.3232e-18  1.2350e+01  1.0000e-02  9.5000e-01  5.0000e-01
  1.2470e+00  3.0270e-15  1.7551e-18  1.2688e+01  1.0000e-02  9.5000e-01  5.0000e-01
  1.2590e+00  3.0406e-15  1.7555e-18  1.2745e+01  1.0000e-02  9.5000e-01  5.0000e-01
  1.2710e+00  2.9710e-15  1.7038e-18  1.2454e+01  1.0000e-02  9.5000e-01  5.0000e-01
  1.2820e+00  2.8293e-15  1.1873e-18  1.1859e+01  1.0000e-02  9.5000e-01  5.0000e-01
  1.2940e+00  2.6441e-15  1.6521e-18  1.1083e+01  1.0000e-02  9.5000e-01  5.0000e-01
  1.3060e+00  2.4467e-15  1.6519e-18  1.0256e+01  1.0000e-02  9.5000e-01  5.0000e-01
  1.3180e+00  2.2576e-15  1.6521e-18  9.4631e+00  1.0000e-02  9.5000e-01  5.0000e-01
  1.3300e+00  2.0881e-15  1.0842e-18  8.7526e+00  1.0000e-02  9.5000e-01  5.0000e-01
  1.3430e+00  1.9419e-15  1.0325e-18  8.1396e+00  1.0000e-02  9.5000e-01  5.0000e-01
  1.3550e+00  1.8174e-15  1.5488e-18  7.6178e+00  1.0000e-02  9.5000e-01  5.0000e-01
  1.3680e+00  1.7115e-15  1.5489e-18  7.1739e+00  1.0000e-02  9.5000e-01  5.0000e-01
  1.3800e+00  1.6209e-15  1.0326e-18  6.7941e+00  1.0000e-02  9.5000e-01  5.0000e-01
  1.3930e+00  1.5437e-15  9.8076e-19  6.4708e+00  1.0000e-02  9.5000e-01  5.0000e-01
  1.4060e+00  1.4768e-15  9.2930e-19  6.1903e+00  1.0000e-02  9.5000e-01  5.0000e-01
  1.4190e+00  1.4186e-15  1.4454e-18  5.9464e+00  1.0000e-02  9.5000e-01  5.0000e-01
  1.4320e+00  1.3669e-15  9.2920e-19  5.7298e+00  1.0000e-02  9.5000e-01  5.0000e-01
  1.4450e+00  1.3211e-15  9.2930e-19  5.5378e+00  1.0000e-02  9.5000e-01  5.0000e-01
  1.4590e+00  1.2805e-15  1.4456e-18  5.3675e+00  1.0000e-02  9.5000e-01  5.0000e-01
  1.4720e+00  1.2434e-15  8.7774e-19  5.2120e+00  1.0000e-02  9.5000e-01  5.0000e-01
  1.4860e+00  1.2093e-15  8.7763e-19  5.0690e+00  1.0000e-02  9.5000e-01  5.0000e-01
  1.5000e+00  1.1783e-15  8.7763e-19  4.9390e+00  1.0000e-02  9.5000e-01  5.0000e-01
  1.5140e+00  1.1496e-15  8.2607e-19  4.8186e+00  1.0000e-02  9.5000e-01  5.0000e-01
  1.5280e+00  1.1229e-15  8.2586e-19  4.7068e+00  1.0000e-02  9.5000e-01  5.0000e-01
  1.5420e+00  1.0979e-15  8.2607e-19  4.6021e+00  1.0000e-02  9.5000e-01  5.0000e-01
  1.5560e+00  1.0741e-15  8.2596e-19  4.5023e+00  1.0000e-02  9.5000e-01  5.0000e-01
  1.5700e+00  1.0518e-15  3.0980e-19  4.4087e+00  1.0000e-02  9.5000e-01  5.0000e-01
  1.5850e+00  1.0307e-15  2.5813e-19  4.3203e+00  1.0000e-02  9.5000e-01  5.0000e-01
  1.6000e+00  1.0109e-15  8.2596e-19  4.2374e+00  1.0000e-02  9.5000e-01  5.0000e-01
  1.6140e+00  9.9172e-16  7.7429e-19  4.1570e+00  1.0000e-02  9.5000e-01  5.0000e-01
  1.6290e+00  9.7303e-16  5.6783e-19  4.0786e+00  1.0000e-02  9.5000e-01  5.0000e-01
  1.6440e+00  9.5526e-16  6.1950e-19  4.0041e+00  1.0000e-02  9.5000e-01  5.0000e-01
  1.6600e+00  9.3800e-16  6.1950e-19  3.9318e+00  1.0000e-02  9.5000e-01  5.0000e-01
  1.6750e+00  9.2117e-16  5.1627e-19  3.8612e+00  1.0000e-02  9.5000e-01  5.0000e-01
  1.6900e+00  9.0486e-16  5.1637e-19  3.7929e+00  1.0000e-02  9.5000e-01  5.0000e-01
  1.7060e+00  8.8891e-16  5.1627e-19  3.7260e+00  1.0000e-02  9.5000e-01  5.0000e-01
  1.7220e+00  8.7322e-16  5.1627e-19  3.6603e+00  1.0000e-02  9.5000e-01  5.0000e-01
  1.7380e+00  8.5764e-16  4.6460e-19  3.5949e+00  1.0000e-02  9.5000e-01  5.0000e-01
  1.7540e+00  8.4217e-16  4.6460e-19  3.5301e+00  1.0000e-02  9.5000e-01  5.0000e-01
  1.7700e+00  8.2660e-16  4.6465e-19  3.4648e+00  1.0000e-02  9.5000e-01  5.0000e-01
  1.7860e+00  8.1088e-16  4.1293e-19  3.3990e+00  1.0000e-02  9.5000e-01  5.0000e-01
  1.8030e+00  7.9460e-16  3.6131e-19  3.3307e+00  1.0000e-02  9.5000e-01  5.0000e-01
  1.8200e+00  7.7776e-16  4.1303e-19  3.2601e+00  1.0000e-02  9.5000e-01  5.0000e-01
  1.8370e+00  7.6010e-16  4.1817e-19  3.1861e+00  1.0000e-02  9.5000e-01  5.0000e-01
  1.8540e+00  7.4182e-16  3.6137e-19  3.1095e+00  1.0000e-02  9.5000e-01  5.0000e-01
  1.8710e+00  7.2371e-16  3.6142e-19  3.0336e+00  1.0000e-02  9.5000e-01  5.0000e-01
  1.8880e+00  7.0742e-16  3.6142e-19  2.9653e+00  1.0000e-02  9.5000e-01  5.0000e-01
  1.9050e+00  6.9490e-16  3.6147e-19  2.9128e+00  1.0000e-02  9.5000e-01  5.0000e-01
  1.9230e+00  6.8697e-16  3.0964e-19  2.8795e+00  1.0000e-02  9.5000e-01  5.0000e-01
  1.9410e+00  6.8269e-16  3.0975e-19  2.8616e+00  1.0000e-02  9.5000e-01  5.0000e-01
  1.9590e+00  6.8005e-16  2.5819e-19  2.8506e+00  1.0000e-02  9.5000e-01  5.0000e-01
  1.9770e+00  6.7748e-16  2.5813e-19  2.8398e+00  1.0000e-02  9.5000e-01  5.0000e-01
  1.9950e+00  6.7420e-16  2.5808e-19  2.8260e+00  1.0000e-02  9.5000e-01  5.0000e-01
  2.0140e+00  6.6995e-16  2.5819e-19  2.8082e+00  1.0000e-02  9.5000e-01  5.0000e-01
  2.0320e+00  6.6489e-16  2.0652e-19  2.7870e+00  1.0000e-02  9.5000e-01  5.0000e-01
  2.0510e+00  6.5926e-16  2.5813e-19  2.7634e+00  1.0000e-02  9.5000e-01  5.0000e-01
  2.0700e+00  6.5319e-16  2.5813e-19  2.7379e+00  1.0000e-02  9.5000e-01  5.0000e-01
  2.0890e+00  6.4664e-16  2.0646e-19  2.7105e+00  1.0000e-02  9.5000e-01  5.0000e-01
  2.1090e+00  6.3996e-16  2.0652e-19  2.6825e+00  1.0000e-02  9.5000e-01  5.0000e-01
  2.1280e+00  6.3311e-16  1.5490e-19  2.6538e+00  1.0000e-02  9.5000e-01  5.0000e-01
  2.1480e+00  6.2626e-16  1.5485e-19  2.6251e+00  1.0000e-02  9.5000e-01  5.0000e-01
  2.1680e+00  6.1932e-16  1.5490e-19  2.5960e+00  1.0000e-02  9.5000e-01  5.0000e-01
  2.1880e+00  6.1248e-16  2.5813e-19  2.5673e+00  1.0000e-02  9.5000e-01  5.0000e-01
  2.2080e+00  6.0557e-16  1.5490e-19  2.5383e+00  1.0000e-02  9.5000e-01  5.0000e-01
  2.2280e+00  5.9872e-16  1.5480e-19  2.5096e+00  1.0000e-02  9.5000e-01  5.0000e-01
  2.2490e+00  5.9197e-16  2.0657e-19  2.4814e+00  1.0000e-02  9.5000e-01  5.0000e-01
  2.2700e+00  5.8528e-16  1.5490e-19  2.4533e+00  1.0000e-02  9.5000e-01  5.0000e-01
  2.2910e+00  5.7863e-16  1.5485e-19  2.4254e+00  1.0000e-02  9.5000e-01  5.0000e-01
  2.3120e+00  5.7210e-16  1.5485e-19  2.3981e+00  1.0000e-02  9.5000e-01  5.0000e-01
  2.3330e+00  5.6569e-16  1.5490e-19  2.3712e+00  1.0000e-02  9.5000e-01  5.0000e-01
  2.3550e+00  5.5934e-16  1.5485e-19  2.3446e+00  1.0000e-02  9.5000e-01  5.0000e-01
  2.3770e+00  5.5312e-16  1.0329e-19  2.3185e+00  1.0000e-02  9.5000e-01  5.0000e-01
  2.3990e+00  5.4702e-16  1.0323e-19  2.2929e+00  1.0000e-02  9.5000e-01  5.0000e-01
  2.4210e+00  5.4098e-16  1.0323e-19  2.2676e+00  1.0000e-02  9.5000e-01  5.0000e-01
  2.4430e+00  5.3513e-16  1.0329e-19  2.2431e+00  1.0000e-02  9.5000e-01  5.0000e-01
  2.4660e+00  5.2939e-16  1.5490e-19  2.2190e+00  1.0000e-02  9.5000e-01  5.0000e-01
  2.4890e+00  5.2362e-16  1.0323e-19  2.1949e+00  1.0000e-02  9.5000e-01  5.0000e-01
  2.5120e+00  5.1792e-16  1.0323e-19  2.1710e+00  1.0000e-02  9.5000e-01  5.0000e-01
  2.5350e+00  5.1230e-16  1.0318e-19  2.1474e+00  1.0000e-02  9.5000e-01  5.0000e-01
  2.5590e+00  5.0679e-16  5.1616e-20  2.1243e+00  1.0000e-02  9.5000e-01  5.0000e-01
  2.5820e+00  5.0135e-16  1.0323e-19  2.1015e+00  1.0000e-02  9.5000e-01  5.0000e-01
  2.6060e+00  4.9599e-16  1.0329e-19  2.0790e+00  1.0000e-02  9.5000e-01  5.0000e-01
  2.6300e+00  4.9070e-16  1.0329e-19  2.0568e+00  1.0000e-02  9.5000e-01  5.0000e-01
  2.6550e+00  4.8552e-16  1.0329e-19  2.0352e+00  1.0000e-02  9.5000e-01  5.0000e-01
  2.6790e+00  4.8042e-16  1.0323e-19  2.0138e+00  1.0000e-02  9.5000e-01  5.0000e-01
  2.7040e+00  4.7533e-16  1.0323e-19  1.9924e+00  1.0000e-02  9.5000e-01  5.0000e-01
  2.7290e+00  4.7042e-16  1.0329e-19  1.9718e+00  1.0000e-02  9.5000e-01  5.0000e-01
  2.7540e+00  4.6547e-16  5.1616e-20  1.9511e+00  1.0000e-02  9.5000e-01  5.0000e-01
  2.7800e+00  4.6063e-16  5.1616e-20  1.9308e+00  1.0000e-02  9.5000e-01  5.0000e-01
  2.8050e+00  4.5588e-16  5.1616e-20  1.9109e+00  1.0000e-02  9.5000e-01  5.0000e-01
  2.8310e+00  4.5123e-16  1.0329e-19  1.8914e+00  1.0000e-02  9.5000e-01  5.0000e-01
  2.8580e+00  4.4665e-16  1.0329e-19  1.8722e+00  1.0000e-02  9.5000e-01  5.0000e-01
  2.8840e+00  4.4210e-16  5.1616e-20  1.8531e+00  1.0000e-02  9.5000e-01  5.0000e-01
  2.9110e+00  4.3767e-16  5.1616e-20  1.8346e+00  1.0000e-02  9.5000e-01  5.0000e-01
  2.9380e+00  4.3330e-16  1.0329e-19  1.8162e+00  1.0000e-02  9.5000e-01  5.0000e-01
  2.9650e+00  4.2901e-16  5.1643e-20  1.7983e+00  1.0000e-02  9.5000e-01  5.0000e-01
  2.9920e+00  4.2480e-16  5.1616e-20  1.7806e+00  1.0000e-02  9.5000e-01  5.0000e-01
  3.0200e+00  4.2067e-16  5.1616e-20  1.7633e+00  1.0000e-02  9.5000e-01  5.0000e-01
  3.0480e+00  4.1663e-16  0.0000e+00  1.7464e+00  1.0000e-02  9.5000e-01  5.0000e-01
  3.0760e+00  4.1275e-16  5.1616e-20  1.7301e+00  1.0000e-02  9.5000e-01  5.0000e-01
  3.1050e+00  4.0902e-16  0.0000e+00  1.7145e+00  1.0000e-02  9.5000e-01  5.0000e-01
  3.1330e+00  4.0565e-16  5.1616e-20  1.7003e+00  1.0000e-02  9.5000e-01  5.0000e-01
  3.1620e+00  4.0269e-16  5.1643e-20  1.6880e+00  1.0000e-02  9.5000e-01  5.0000e-01
  3.1920e+00  4.0042e-16  0.0000e+00  1.6784e+00  1.0000e-02  9.5000e-01  5.0000e-01
  3.2210e+00  4.0010e-16  0.0000e+00  1.6771e+00  1.0000e-02  9.5000e-01  5.0000e-01
  3.2510e+00  4.0632e-16  0.0000e+00  1.7032e+00  1.0000e-02  9.5000e-01  5.0000e-01
  3.2810e+00  4.4908e-16  5.1669e-20  1.8824e+00  1.0000e-02  9.5000e-01  5.0000e-01
  3.3110e+00  4.7440e-16  1.0323e-19  1.9885e+00  1.0000e-02  9.5000e-01  5.0000e-01
  3.3420e+00  4.0121e-16  0.0000e+00  1.6818e+00  1.0000e-02  9.5000e-01  5.0000e-01
  3.3730e+00  3.8382e-16  5.1669e-20  1.6088e+00  1.0000e-02  9.5000e-01  5.0000e-01
  3.4040e+00  3.7611e-16  0.0000e+00  1.5765e+00  1.0000e-02  9.5000e-01  5.0000e-01
  3.4360e+00  3.7086e-16  0.0000e+00  1.5545e+00  1.0000e-02  9.5000e-01  5.0000e-01
  3.4670e+00  3.6658e-16  5.1616e-20  1.5366e+00  1.0000e-02  9.5000e-01  5.0000e-01
  3.4990e+00  3.6266e-16  5.1563e-20  1.5201e+00  1.0000e-02  9.5000e-01  5.0000e-01
  3.5320e+00  3.5896e-16  5.1643e-20  1.5047e+00  1.0000e-02  9.5000e-01  5.0000e-01
  3.5650e+00  3.5546e-16  1.0329e-19  1.4900e+00  1.0000e-02  9.5000e-01  5.0000e-01
  3.5970e+00  3.5202e-16  5.1616e-20  1.4756e+00  1.0000e-02  9.5000e-01  5.0000e-01
  3.6310e+00  3.4867e-16  5.1616e-20  1.4615e+00  1.0000e-02  9.5000e-01  5.0000e-01
  3.6640e+00  3.4541e-16  0.0000e+00  1.4478e+00  1.0000e-02  9.5000e-01  5.0000e-01
  3.6980e+00  3.4222e-16  5.1643e-20  1.4345e+00  1.0000e-02  9.5000e-01  5.0000e-01
  3.7330e+00  3.3911e-16  5.1616e-20  1.4214e+00  1.0000e-02  9.5000e-01  5.0000e-01
  3.7670e+00  3.3601e-16  0.0000e+00  1.4084e+00  1.0000e-02  9.5000e-01  5.0000e-01
  3.8020e+00  3.3303e-16  5.1643e-20  1.3960e+00  1.0000e-02  9.5000e-01  5.0000e-01
  3.8370e+00  3.3006e-16  0.0000e+00  1.3835e+00  1.0000e-02  9.5000e-01  5.0000e-01
  3.8730e+00  3.2716e-16  0.0000e+00  1.3713e+00  1.0000e-02  9.5000e-01  5.0000e-01
  3.9080e+00  3.2433e-16  0.0000e+00  1.3595e+00  1.0000e-02  9.5000e-01  5.0000e-01
  3.9450e+00  3.2156e-16  0.0000e+00  1.3479e+00  1.0000e-02  9.5000e-01  5.0000e-01
  3.9810e+00  3.1886e-16  0.0000e+00  1.3366e+00  1.0000e-02  9.5000e-01  5.0000e-01
  4.0180e+00  3.1617e-16  0.0000e+00  1.3253e+00  1.0000e-02  9.5000e-01  5.0000e-01
  4.0550e+00  3.1350e-16  5.1590e-20  1.3141e+00  1.0000e-02  9.5000e-01  5.0000e-01
  4.0930e+00  3.1089e-16  5.1669e-20  1.3031e+00  1.0000e-02  9.5000e-01  5.0000e-01
  4.1300e+00  3.0829e-16  0.0000e+00  1.2922e+00  1.0000e-02  9.5000e-01  5.0000e-01
  4.1690e+00  3.0569e-16  0.0000e+00  1.2813e+00  1.0000e-02  9.5000e-01  5.0000e-01
  4.2070e+00  3.0306e-16  0.0000e+00  1.2703e+00  1.0000e-02  9.5000e-01  5.0000e-01
  4.2460e+00  3.0055e-16  0.0000e+00  1.2598e+00  1.0000e-02  9.5000e-01  5.0000e-01
  4.2850e+00  2.9806e-16  0.0000e+00  1.2494e+00  1.0000e-02  9.5000e-01  5.0000e-01
  4.3250e+00  2.9564e-16  0.0000e+00  1.2392e+00  1.0000e-02  9.5000e-01  5.0000e-01
  4.3650e+00  2.9324e-16  0.0000e+00  1.2292e+00  1.0000e-02  9.5000e-01  5.0000e-01
  4.4060e+00  2.9097e-16  0.0000e+00  1.2197e+00  1.0000e-02  9.5000e-01  5.0000e-01
  4.4460e+00  2.8873e-16  0.0000e+00  1.2103e+00  1.0000e-02  9.5000e-01  5.0000e-01
  4.4870e+00  2.8663e-16  0.0000e+00  1.2015e+00  1.0000e-02  9.5000e-01  5.0000e-01
  4.5290e+00  2.8461e-16  0.0000e+00  1.1930e+00  1.0000e-02  9.5000e-01  5.0000e-01
  4.5710e+00  2.8268e-16  0.0000e+00  1.1849e+00  1.0000e-02  9.5000e-01  5.0000e-01
  4.6130e+00  2.8091e-16  5.1616e-20  1.1775e+00  1.0000e-02  9.5000e-01  5.0000e-01
  4.6560e+00  2.7918e-16  0.0000e+00  1.1702e+00  1.0000e-02  9.5000e-01  5.0000e-01
  4.6990e+00  2.7757e-16  0.0000e+00  1.1635e+00  1.0000e-02  9.5000e-01  5.0000e-01
  4.7420e+00  2.7609e-16  0.0000e+00  1.1573e+00  1.0000e-02  9.5000e-01  5.0000e-01
  4.7860e+00  2.7485e-16  0.0000e+00  1.1521e+00  1.0000e-02  9.5000e-01  5.0000e-01
  4.8310e+00  2.7379e-16  0.0000e+00  1.1477e+00  1.0000e-02  9.5000e-01  5.0000e-01
  4.8750e+00  2.7305e-16  0.0000e+00  1.1445e+00  1.0000e-02  9.5000e-01  5.0000e-01
  4.9200e+00  2.7252e-16  0.0000e+00  1.1423e+00  1.0000e-02  9.5000e-01  5.0000e-01
  4.9660e+00  2.7252e-16  0.0000e+00  1.1423e+00  1.0000e-02  9.5000e-01  5.0000e-01
  5.0120e+00  2.7316e-16  0.0000e+00  1.1450e+00  1.0000e-02  9.5000e-01  5.0000e-01
  5.0580e+00  2.7489e-16  0.0000e+00  1.1523e+00  1.0000e-02  9.5000e-01  5.0000e-01
  5.1050e+00  2.7855e-16  0.0000e+00  1.1676e+00  1.0000e-02  9.5000e-01  5.0000e-01
  5.1520e+00  2.8590e-16  0.0000e+00  1.1984e+00  1.0000e-02  9.5000e-01  5.0000e-01
  5.2000e+00  2.9996e-16  0.0000e+00  1.2573e+00  1.0000e-02  9.5000e-01  5.0000e-01
  5.2480e+00  3.1818e-16  0.0000e+00  1.3337e+00  1.0000e-02  9.5000e-01  5.0000e-01
  5.2970e+00  3.1795e-16  0.0000e+00  1.3327e+00  1.0000e-02  9.5000e-01  5.0000e-01
  5.3460e+00  3.0167e-16  0.0000e+00  1.2645e+00  1.0000e-02  9.5000e-01  5.0000e-01
  5.3950e+00  2.9120e-16  0.0000e+00  1.2206e+00  1.0000e-02  9.5000e-01  5.0000e-01
  5.4450e+00  2.8840e-16  0.0000e+00  1.2089e+00  1.0000e-02  9.5000e-01  5.0000e-01
  5.4950e+00  2.9139e-16  0.0000e+00  1.2214e+00  1.0000e-02  9.5000e-01  5.0000e-01
  5.5460e+00  3.0080e-16  0.0000e+00  1.2608e+00  1.0000e-02  9.5000e-01  5.0000e-01
  5.5980e+00  3.1971e-16  0.0000e+00  1.3401e+00  1.0000e-02  9.5000e-01  5.0000e-01
  5.6490e+00  3.5112e-16  0.0000e+00  1.4718e+00  1.0000e-02  9.5000e-01  5.0000e-01
  5.7020e+00  3.7455e-16  0.0000e+00  1.5700e+00  1.0000e-02  9.5000e-01  5.0000e-01
  5.7540e+00  3.6029e-16  0.0000e+00  1.5102e+00  1.0000e-02  9.5000e-01  5.0000e-01
  5.8080e+00  3.4166e-16  0.0000e+00  1.4321e+00  1.0000e-02  9.5000e-01  5.0000e-01
  5.8610e+00  3.3846e-16  0.0000e+00  1.4187e+00  1.0000e-02  9.5000e-01  5.0000e-01
  5.9160e+00  3.5004e-16  0.0000e+00  1.4672e+00  1.0000e-02  9.5000e-01  5.0000e-01
  5.9700e+00  3.7819e-16  0.0000e+00  1.5853e+00  1.0000e-02  9.5000e-01  5.0000e-01
  6.0260e+00  4.3305e-16  0.0000e+00  1.8152e+00  1.0000e-02  9.5000e-01  5.0000e-01
  6.0810e+00  5.4118e-16  0.0000e+00  2.2684e+00  1.0000e-02  9.5000e-01  5.0000e-01
  6.1380e+00  7.5999e-16  0.0000e+00  3.1856e+00  1.0000e-02  9.5000e-01  5.0000e-01
  6.1940e+00  1.0825e-15  0.0000e+00  4.5374e+00  1.0000e-02  9.5000e-01  5.0000e-01
  6.2520e+00  1.0602e-15  0.0000e+00  4.4440e+00  1.0000e-02  9.5000e-01  5.0000e-01
  6.3100e+00  7.4754e-16  0.0000e+00  3.1335e+00  1.0000e-02  9.5000e-01  5.0000e-01
  6.3680e+00  5.5755e-16  0.0000e+00  2.3371e+00  1.0000e-02  9.5000e-01  5.0000e-01
  6.4270e+00  4.7199e-16  0.0000e+00  1.9784e+00  1.0000e-02  9.5000e-01  5.0000e-01
  6.4860e+00  4.3788e-16  0.0000e+00  1.8355e+00  1.0000e-02  9.5000e-01  5.0000e-01
  6.5460e+00  4.2999e-16  0.0000e+00  1.8024e+00  1.0000e-02  9.5000e-01  5.0000e-01
  6.6070e+00  4.3496e-16  0.0000e+00  1.8232e+00  1.0000e-02  9.5000e-01  5.0000e-01
  6.6680e+00  4.4172e-16  0.0000e+00  1.8516e+00  1.0000e-02  9.5000e-01  5.0000e-01
  6.7300e+00  4.4151e-16  0.0000e+00  1.8507e+00  1.0000e-02  9.5000e-01  5.0000e-01
  6.7920e+00  4.3499e-16  0.0000e+00  1.8233e+00  1.0000e-02  9.5000e-01  5.0000e-01
  6.8550e+00  4.2885e-16  0.0000e+00  1.7976e+00  1.0000e-02  9.5000e-01  5.0000e-01
  6.9180e+00  4.2870e-16  0.0000e+00  1.7970e+00  1.0000e-02  9.5000e-01  5.0000e-01
  6.9820e+00  4.3669e-16  0.0000e+00  1.8305e+00  1.0000e-02  9.5000e-01  5.0000e-01
  7.0470e+00  4.5373e-16  0.0000e+00  1.9019e+00  1.0000e-02  9.5000e-01  5.0000e-01
  7.1120e+00  4.7951e-16  0.0000e+00  2.0099e+00  1.0000e-02  9.5000e-01  5.0000e-01
  7.1780e+00  5.1550e-16  0.0000e+00  2.1608e+00  1.0000e-02  9.5000e-01  5.0000e-01
  7.2440e+00  5.6375e-16  0.0000e+00  2.3631e+00  1.0000e-02  9.5000e-01  5.0000e-01
  7.3110e+00  6.2711e-16  0.0000e+00  2.6287e+00  1.0000e-02  9.5000e-01  5.0000e-01
  7.3790e+00  7.1431e-16  0.0000e+00  2.9942e+00  1.0000e-02  9.5000e-01  5.0000e-01
  7.4470e+00  8.4102e-16  0.0000e+00  3.5253e+00  1.0000e-02  9.5000e-01  5.0000e-01
  7.5160e+00  1.0120e-15  0.0000e+00  4.2421e+00  1.0000e-02  9.5000e-01  5.0000e-01
  7.5860e+00  1.1678e-15  0.0000e+00  4.8948e+00  1.0000e-02  9.5000e-01  5.0000e-01
  7.6560e+00  1.2099e-15  0.0000e+00  5.0716e+00  1.0000e-02  9.5000e-01  5.0000e-01
  7.7270e+00  1.2075e-15  0.0000e+00  5.0616e+00  1.0000e-02  9.5000e-01  5.0000e-01
  7.7980e+00  1.2364e-15  0.0000e+00  5.1826e+00  1.0000e-02  9.5000e-01  5.0000e-01
  7.8700e+00  1.2366e-15  0.0000e+00  5.1834e+00  1.0000e-02  9.5000e-01  5.0000e-01
  7.9430e+00  1.1701e-15  0.0000e+00  4.9045e+00  1.0000e-02  9.5000e-01  5.0000e-01
  8.0170e+00  1.0990e-15  0.0000e+00  4.6065e+00  1.0000e-02  9.5000e-01  5.0000e-01
  8.0910e+00  1.0733e-15  0.0000e+00  4.4987e+00  1.0000e-02  9.5000e-01  5.0000e-01
  8.1660e+00  1.0955e-15  0.0000e+00  4.5918e+00  1.0000e-02  9.5000e-01  5.0000e-01
  8.2410e+00  1.1558e-15  0.0000e+00  4.8445e+00  1.0000e-02  9.5000e-01  5.0000e-01
  8.3180e+00  1.2310e-15  0.0000e+00  5.1598e+00  1.0000e-02  9.5000e-01  5.0000e-01
  8.3950e+00  1.3112e-15  0.0000e+00  5.4959e+00  1.0000e-02  9.5000e-01  5.0000e-01
  8.4720e+00  1.4035e-15  0.0000e+00  5.8831e+00  1.0000e-02  9.5000e-01  5.0000e-01
  8.5510e+00  1.5134e-15  0.0000e+00  6.3438e+00  1.0000e-02  9.5000e-01  5.0000e-01
  8.6300e+00  1.5917e-15  0.0000e+00  6.6720e+00  1.0000e-02  9.5000e-01  5.0000e-01
  8.7100e+00  1.6125e-15  0.0000e+00  6.7593e+00  1.0000e-02  9.5000e-01  5.0000e-01
  8.7900e+00  1.6437e-15  0.0000e+00  6.8897e+00  1.0000e-02  9.5000e-01  5.0000e-01
  8.8720e+00  1.7108e-15  0.0000e+00  7.1711e+00  1.0000e-02  9.5000e-01  5.0000e-01
  8.9540e+00  1.8044e-15  0.0000e+00  7.5634e+00  1.0000e-02  9.5000e-01  5.0000e-01
  9.0360e+00  1.9119e-15  0.0000e+00  8.0141e+00  1.0000e-02  9.5000e-01  5.0000e-01
  9.1200e+00  2.0197e-15  0.0000e+00  8.4660e+00  1.0000e-02  9.5000e-01  5.0000e-01
  9.2040e+00  2.1146e-15  0.0000e+00  8.8637e+00  1.0000e-02  9.5000e-01  5.0000e-01
  9.2900e+00  2.1883e-15  0.0000e+00  9.1725e+00  1.0000e-02  9.5000e-01  5.0000e-01
  9.3760e+00  2.2329e-15  0.0000e+00  9.3595e+00  1.0000e-02  9.5000e-01  5.0000e-01
  9.4620e+00  2.2474e-15  0.0000e+00  9.4206e+00  1.0000e-02  9.5000e-01  5.0000e-01
  9.5500e+00  2.2347e-15  0.0000e+00  9.3672e+00  1.0000e-02  9.5000e-01  5.0000e-01
  9.6380e+00  2.2009e-15  0.0000e+00  9.2253e+00  1.0000e-02  9.5000e-01  5.0000e-01
  9.7270e+00  2.1528e-15  0.0000e+00  9.0239e+00  1.0000e-02  9.5000e-01  5.0000e-01
  9.8170e+00  2.1040e-15  5.2940e-21  8.8193e+00  1.0000e-02  9.5000e-01  5.0000e-01
  9.9080e+00  2.0568e-15  0.0000e+00  8.6214e+00  1.0000e-02  9.5000e-01  5.0000e-01
  1.0000e+01  2.0133e-15  0.0000e+00  8.4390e+00  1.0000e-02  9.5000e-01  5.0000e-01
  1.0090e+01  1.9743e-15  5.0822e-21  8.2754e+00  1.0000e-02  9.5000e-01  5.0000e-01
  1.0190e+01  1.9355e-15  0.0000e+00  8.1130e+00  1.0000e-02  9.5000e-01  5.0000e-01
  1.0280e+01  1.8912e-15  0.0000e+00  7.9273e+00  1.0000e-02  9.5000e-01  5.0000e-01
  1.0380e+01  1.8360e-15  0.0000e+00  7.6959e+00  1.0000e-02  9.5000e-01  5.0000e-01
  1.0470e+01  1.7677e-15  0.0000e+00  7.4097e+00  1.0000e-02  9.5000e-01  5.0000e-01
  1.0570e+01  1.6912e-15  0.0000e+00  7.0889e+00  1.0000e-02  9.5000e-01  5.0000e-01
  1.0670e+01  1.6138e-15  0.0000e+00  6.7644e+00  1.0000e-02  9.5000e-01  5.0000e-01
  1.0760e+01  1.5432e-15  0.0000e+00  6.4684e+00  1.0000e-02  9.5000e-01  5.0000e-01
  1.0860e+01  1.4809e-15  0.0000e+00  6.2075e+00  1.0000e-02  9.5000e-01  5.0000e-01
  1.0960e+01  1.4308e-15  0.0000e+00  5.9976e+00  1.0000e-02  9.5000e-01  5.0000e-01
  1.1070e+01  1.3941e-15  0.0000e+00  5.8434e+00  1.0000e-02  9.5000e-01  5.0000e-01
  1.1170e+01  1.3925e-15  0.0000e+00  5.8370e+00  1.0000e-02  9.5000e-01  5.0000e-01
  1.1270e+01  1.3849e-15  0.0000e+00  5.8049e+00  1.0000e-02  9.5000e-01  5.0000e-01
  1.1380e+01  1.2952e-15  0.0000e+00  5.4291e+00  1.0000e-02  9.5000e-01  5.0000e-01
  1.1480e+01  1.2141e-15  5.1881e-21  5.0892e+00  1.0000e-02  9.5000e-01  5.0000e-01
  1.1590e+01  1.1472e-15  0.0000e+00  4.8088e+00  1.0000e-02  9.5000e-01  5.0000e-01
  1.1690e+01  1.0975e-15  0.0000e+00  4.6005e+00  1.0000e-02  9.5000e-01  5.0000e-01
  1.1800e+01  1.0535e-15  0.0000e+00  4.4159e+00  1.0000e-02  9.5000e-01  5.0000e-01
  1.1910e+01  1.0135e-15  0.0000e+00  4.2481e+00  1.0000e-02  9.5000e-01  5.0000e-01
  1.2020e+01  9.7163e-16  0.0000e+00  4.0728e+00  1.0000e-02  9.5000e-01  5.0000e-01
  1.2130e+01  9.2568e-16  0.0000e+00  3.8801e+00  1.0000e-02  9.5000e-01  5.0000e-01
  1.2250e+01  8.8565e-16  0.0000e+00  3.7123e+00  1.0000e-02  9.5000e-01  5.0000e-01
  1.2360e+01  8.5464e-16  0.0000e+00  3.5824e+00  1.0000e-02  9.5000e-01  5.0000e-01
  1.2470e+01  8.2964e-16  0.0000e+00  3.4776e+00  1.0000e-02  9.5000e-01  5.0000e-01
  1.2590e+01  8.0424e-16  0.0000e+00  3.3711e+00  1.0000e-02  9.5000e-01  5.0000e-01
  1.2710e+01  7.6679e-16  0.0000e+00  3.2141e+00  1.0000e-02  9.5000e-01  5.0000e-01
  1.2820e+01  7.2227e-16  0.0000e+00  3.0275e+00  1.0000e-02  9.5000e-01  5.0000e-01
  1.2940e+01  6.8247e-16  0.0000e+00  2.8607e+00  1.0000e-02  9.5000e-01  5.0000e-01
  1.3060e+01  6.5079e-16  0.0000e+00  2.7279e+00  1.0000e-02  9.5000e-01  5.0000e-01
  1.3180e+01  6.2451e-16  0.0000e+00  2.6177e+00  1.0000e-02  9.5000e-01  5.0000e-01
  1.3300e+01  6.0135e-16  0.0000e+00  2.5207e+00  1.0000e-02  9.5000e-01  5.0000e-01
  1.3430e+01  5.8079e-16  0.0000e+00  2.4345e+00  1.0000e-02  9.5000e-01  5.0000e-01
  1.3550e+01  5.5819e-16  0.0000e+00  2.3397e+00  1.0000e-02  9.5000e-01  5.0000e-01
  1.3680e+01  5.3531e-16  0.0000e+00  2.2438e+00  1.0000e-02  9.5000e-01  5.0000e-01
  1.3800e+01  5.1659e-16  0.0000e+00  2.1654e+00  1.0000e-02  9.5000e-01  5.0000e-01
  1.3930e+01  5.0446e-16  0.0000e+00  2.1145e+00  1.0000e-02  9.5000e-01  5.0000e-01
  1.4060e+01  4.9827e-16  0.0000e+00  2.0886e+00  1.0000e-02  9.5000e-01  5.0000e-01
  1.4190e+01  4.9743e-16  0.0000e+00  2.0851e+00  1.0000e-02  9.5000e-01  5.0000e-01
  1.4320e+01  4.9758e-16  0.0000e+00  2.0857e+00  1.0000e-02  9.5000e-01  5.0000e-01
  1.4450e+01  5.0154e-16  0.0000e+00  2.1023e+00  1.0000e-02  9.5000e-01  5.0000e-01
  1.4590e+01  5.0905e-16  0.0000e+00  2.1338e+00  1.0000e-02  9.5000e-01  5.0000e-01
  1.4720e+01  5.1943e-16  0.0000e+00  2.1773e+00  1.0000e-02  9.5000e-01  5.0000e-01
  1.4860e+01  5.3060e-16  0.0000e+00  2.2241e+00  1.0000e-02  9.5000e-01  5.0000e-01
  1.5000e+01  5.4231e-16  0.0000e+00  2.2732e+00  1.0000e-02  9.5000e-01  5.0000e-01
  1.5140e+01  5.5437e-16  0.0000e+00  2.3237e+00  1.0000e-02  9.5000e-01  5.0000e-01
  1.5280e+01  5.6769e-16  5.1881e-21  2.3796e+00  1.0000e-02  9.5000e-01  5.0000e-01
  1.5420e+01  5.8176e-16  0.0000e+00  2.4385e+00  1.0000e-02  9.5000e-01  5.0000e-01
  1.5560e+01  5.9644e-16  0.0000e+00  2.5001e+00  1.0000e-02  9.5000e-01  5.0000e-01
  1.5700e+01  6.1186e-16  0.0000e+00  2.5647e+00  1.0000e-02  9.5000e-01  5.0000e-01
  1.5850e+01  6.2791e-16  0.0000e+00  2.6320e+00  1.0000e-02  9.5000e-01  5.0000e-01
  1.6000e+01  6.4445e-16  0.0000e+00  2.7013e+00  1.0000e-02  9.5000e-01  5.0000e-01
  1.6140e+01  6.6115e-16  0.0000e+00  2.7713e+00  1.0000e-02  9.5000e-01  5.0000e-01
  1.6290e+01  6.8049e-16  0.0000e+00  2.8524e+00  1.0000e-02  9.5000e-01  5.0000e-01
  1.6440e+01  7.0393e-16  0.0000e+00  2.9506e+00  1.0000e-02  9.5000e-01  5.0000e-01
  1.6600e+01  7.1469e-16  0.0000e+00  2.9958e+00  1.0000e-02  9.5000e-01  5.0000e-01
  1.6750e+01  7.2909e-16  0.0000e+00  3.0561e+00  1.0000e-02  9.5000e-01  5.0000e-01
  1.6900e+01  7.4403e-16  0.0000e+00  3.1187e+00  1.0000e-02  9.5000e-01  5.0000e-01
  1.7060e+01  7.5729e-16  0.0000e+00  3.1743e+00  1.0000e-02  9.5000e-01  5.0000e-01
  1.7220e+01  7.6896e-16  0.0000e+00  3.2232e+00  1.0000e-02  9.5000e-01  5.0000e-01
  1.7380e+01  7.8068e-16  0.0000e+00  3.2723e+00  1.0000e-02  9.5000e-01  5.0000e-01
  1.7540e+01  7.8681e-16  0.0000e+00  3.2980e+00  1.0000e-02  9.5000e-01  5.0000e-01
  1.7700e+01  7.9332e-16  0.0000e+00  3.3253e+00  1.0000e-02  9.5000e-01  5.0000e-01
  1.7860e+01  7.9865e-16  0.0000e+00  3.3477e+00  1.0000e-02  9.5000e-01  5.0000e-01
  1.8030e+01  8.0117e-16  0.0000e+00  3.3582e+00  1.0000e-02  9.5000e-01  5.0000e-01
  1.8200e+01  8.0195e-16  0.0000e+00  3.3615e+00  1.0000e-02  9.5000e-01  5.0000e-01
  1.8370e+01  8.0149e-16  0.0000e+00  3.3596e+00  1.0000e-02  9.5000e-01  5.0000e-01
  1.8540e+01  7.9943e-16  0.0000e+00  3.3510e+00  1.0000e-02  9.5000e-01  5.0000e-01
  1.8710e+01  7.9548e-16  0.0000e+00  3.3344e+00  1.0000e-02  9.5000e-01  5.0000e-01
  1.8880e+01  7.9029e-16  0.0000e+00  3.3126e+00  1.0000e-02  9.5000e-01  5.0000e-01
  1.9050e+01  7.8089e-16  0.0000e+00  3.2732e+00  1.0000e-02  9.5000e-01  5.0000e-01
  1.9230e+01  7.7010e-16  0.0000e+00  3.2280e+00  1.0000e-02  9.5000e-01  5.0000e-01
  1.9410e+01  7.5811e-16  0.0000e+00  3.1777e+00  1.0000e-02  9.5000e-01  5.0000e-01
  1.9590e+01  7.4505e-16  0.0000e+00  3.1230e+00  1.0000e-02  9.5000e-01  5.0000e-01
  1.9770e+01  7.3093e-16  0.0000e+00  3.0638e+00  1.0000e-02  9.5000e-01  5.0000e-01
  1.9950e+01  7.1569e-16  0.0000e+00  3.0000e+00  1.0000e-02  9.5000e-01  5.0000e-01
  2.0140e+01  6.9997e-16  0.0000e+00  2.9340e+00  1.0000e-02  9.5000e-01  5.0000e-01
  2.0320e+01  6.8418e-16  0.0000e+00  2.8678e+00  1.0000e-02  9.5000e-01  5.0000e-01
  2.0510e+01  6.7143e-16  0.0000e+00  2.8144e+00  1.0000e-02  9.5000e-01  5.0000e-01
  2.0700e+01  6.5932e-16  0.0000e+00  2.7637e+00  1.0000e-02  9.5000e-01  5.0000e-01
  2.0890e+01  6.4715e-16  0.0000e+00  2.7126e+00  1.0000e-02  9.5000e-01  5.0000e-01
  2.1090e+01  6.3506e-16  0.0000e+00  2.6620e+00  1.0000e-02  9.5000e-01  5.0000e-01
  2.1280e+01  6.2255e-16  0.0000e+00  2.6095e+00  1.0000e-02  9.5000e-01  5.0000e-01
  2.1480e+01  6.1120e-16  0.0000e+00  2.5620e+00  1.0000e-02  9.5000e-01  5.0000e-01
  2.1680e+01  6.0062e-16  0.0000e+00  2.5176e+00  1.0000e-02  9.5000e-01  5.0000e-01
  2.1880e+01  5.9048e-16  0.0000e+00  2.4751e+00  1.0000e-02  9.5000e-01  5.0000e-01
  2.2080e+01  5.8016e-16  0.0000e+00  2.4318e+00  1.0000e-02  9.5000e-01  5.0000e-01
  2.2280e+01  5.6885e-16  0.0000e+00  2.3844e+00  1.0000e-02  9.5000e-01  5.0000e-01
  2.2490e+01  5.5742e-16  0.0000e+00  2.3365e+00  1.0000e-02  9.5000e-01  5.0000e-01
  2.2700e+01  5.4681e-16  0.0000e+00  2.2920e+00  1.0000e-02  9.5000e-01  5.0000e-01
  2.2910e+01  5.3705e-16  0.0000e+00  2.2511e+00  1.0000e-02  9.5000e-01  5.0000e-01
  2.3120e+01  5.2836e-16  0.0000e+00  2.2147e+00  1.0000e-02  9.5000e-01  5.0000e-01
  2.3330e+01  5.2007e-16  0.0000e+00  2.1799e+00  1.0000e-02  9.5000e-01  5.0000e-01
  2.3550e+01  5.1155e-16  0.0000e+00  2.1443e+00  1.0000e-02  9.5000e-01  5.0000e-01
  2.3770e+01  5.0287e-16  0.0000e+00  2.1078e+00  1.0000e-02  9.5000e-01  5.0000e-01
  2.3990e+01  4.9467e-16  0.0000e+00  2.0735e+00  1.0000e-02  9.5000e-01  5.0000e-01
  2.4210e+01  4.8698e-16  0.0000e+00  2.0413e+00  1.0000e-02  9.5000e-01  5.0000e-01
  2.4430e+01  4.7957e-16  0.0000e+00  2.0102e+00  1.0000e-02  9.5000e-01  5.0000e-01
  2.4660e+01  4.7235e-16  0.0000e+00  1.9799e+00  1.0000e-02  9.5000e-01  5.0000e-01
  2.4890e+01  4.6499e-16  0.0000e+00  1.9491e+00  1.0000e-02  9.5000e-01  5.0000e-01
  2.5120e+01  4.5753e-16  0.0000e+00  1.9178e+00  1.0000e-02  9.5000e-01  5.0000e-01
  2.5350e+01  4.5035e-16  0.0000e+00  1.8877e+00  1.0000e-02  9.5000e-01  5.0000e-01
  2.5590e+01  4.4341e-16  0.0000e+00  1.8586e+00  1.0000e-02  9.5000e-01  5.0000e-01
  2.5820e+01  4.3663e-16  0.0000e+00  1.8302e+00  1.0000e-02  9.5000e-01  5.0000e-01
  2.6060e+01  4.3009e-16  0.0000e+00  1.8028e+00  1.0000e-02  9.5000e-01  5.0000e-01
  2.6300e+01  4.2368e-16  0.0000e+00  1.7759e+00  1.0000e-02  9.5000e-01  5.0000e-01
  2.6550e+01  4.1747e-16  0.0000e+00  1.7499e+00  1.0000e-02  9.5000e-01  5.0000e-01
  2.6790e+01  4.1145e-16  0.0000e+00  1.7247e+00  1.0000e-02  9.5000e-01  5.0000e-01
  2.7040e+01  4.0550e-16  0.0000e+00  1.6997e+00  1.0000e-02  9.5000e-01  5.0000e-01
  2.7290e+01  3.9978e-16  0.0000e+00  1.6757e+00  1.0000e-02  9.5000e-01  5.0000e-01
  2.7540e+01  3.9418e-16  0.0000e+00  1.6523e+00  1.0000e-02  9.5000e-01  5.0000e-01
  2.7800e+01  3.8871e-16  0.0000e+00  1.6293e+00  1.0000e-02  9.5000e-01  5.0000e-01
  2.8050e+01  3.8341e-16  0.0000e+00  1.6071e+00  1.0000e-02  9.5000e-01  5.0000e-01
  2.8310e+01  3.7818e-16  0.0000e+00  1.5852e+00  1.0000e-02  9.5000e-01  5.0000e-01
  2.8580e+01  3.7302e-16  0.0000e+00  1.5636e+00  1.0000e-02  9.5000e-01  5.0000e-01
  2.8840e+01  3.6793e-16  0.0000e+00  1.5422e+00  1.0000e-02  9.5000e-01  5.0000e-01
  2.9110e+01  3.6296e-16  0.0000e+00  1.5214e+00  1.0000e-02  9.5000e-01  5.0000e-01
  2.9380e+01  3.5801e-16  0.0000e+00  1.5006e+00  1.0000e-02  9.5000e-01  5.0000e-01
  2.9650e+01  3.5318e-16  0.0000e+00  1.4804e+00  1.0000e-02  9.5000e-01  5.0000e-01
  2.9920e+01  3.4831e-16  0.0000e+00  1.4600e+00  1.0000e-02  9.5000e-01  5.0000e-01
  3.0200e+01  3.4350e-16  0.0000e+00  1.4398e+00  1.0000e-02  9.5000e-01  5.0000e-01
  3.0480e+01  3.3860e-16  0.0000e+00  1.4193e+00  1.0000e-02  9.5000e-01  5.0000e-01
  3.0760e+01  3.3376e-16  0.0000e+00  1.3990e+00  1.0000e-02  9.5000e-01  5.0000e-01
  3.1050e+01  3.2900e-16  0.0000e+00  1.3791e+00  1.0000e-02  9.5000e-01  5.0000e-01
  3.1330e+01  3.2420e-16  0.0000e+00  1.3589e+00  1.0000e-02  9.5000e-01  5.0000e-01
  3.1620e+01  3.1942e-16  0.0000e+00  1.3389e+00  1.0000e-02  9.5000e-01  5.0000e-01
  3.1920e+01  3.1470e-16  0.0000e+00  1.3191e+00  1.0000e-02  9.5000e-01  5.0000e-01
  3.2210e+01  3.0989e-16  0.0000e+00  1.2990e+00  1.0000e-02  9.5000e-01  5.0000e-01
  3.2510e+01  3.0515e-16  0.0000e+00  1.2791e+00  1.0000e-02  9.5000e-01  5.0000e-01
  3.2810e+01  3.0037e-16  0.0000e+00  1.2590e+00  1.0000e-02  9.5000e-01  5.0000e-01
  3.3110e+01  2.9561e-16  0.0000e+00  1.2391e+00  1.0000e-02  9.5000e-01  5.0000e-01
  3.3420e+01  2.9080e-16  0.0000e+00  1.2189e+00  1.0000e-02  9.5000e-01  5.0000e-01
  3.3730e+01  2.8607e-16  0.0000e+00  1.1991e+00  1.0000e-02  9.5000e-01  5.0000e-01
  3.4040e+01  2.8146e-16  0.0000e+00  1.1798e+00  1.0000e-02  9.5000e-01  5.0000e-01
  3.4360e+01  2.7680e-16  0.0000e+00  1.1603e+00  1.0000e-02  9.5000e-01  5.0000e-01
  3.4670e+01  2.7211e-16  0.0000e+00  1.1406e+00  1.0000e-02  9.5000e-01  5.0000e-01
  3.4990e+01  2.6748e-16  0.0000e+00  1.1212e+00  1.0000e-02  9.5000e-01  5.0000e-01
  3.5320e+01  2.6280e-16  0.0000e+00  1.1016e+00  1.0000e-02  9.5000e-01  5.0000e-01
  3.5650e+01  2.5814e-16  0.0000e+00  1.0820e+00  1.0000e-02  9.5000e-01  5.0000e-01
  3.5970e+01  2.5359e-16  0.0000e+00  1.0630e+00  1.0000e-02  9.5000e-01  5.0000e-01
  3.6310e+01  2.4895e-16  0.0000e+00  1.0435e+00  1.0000e-02  9.5000e-01  5.0000e-01
  3.6640e+01  2.4441e-16  0.0000e+00  1.0245e+00  1.0000e-02  9.5000e-01  5.0000e-01
  3.6980e+01  2.3989e-16  0.0000e+00  1.0055e+00  1.0000e-02  9.5000e-01  5.0000e-01
  3.7330e+01  2.3543e-16  0.0000e+00  9.8684e-01  1.0000e-02  9.5000e-01  5.0000e-01
  3.7670e+01  2.3097e-16  0.0000e+00  9.6815e-01  1.0000e-02  9.5000e-01  5.0000e-01
  3.8020e+01  2.2641e-16  0.0000e+00  9.4904e-01  1.0000e-02  9.5000e-01  5.0000e-01
  3.8370e+01  2.2193e-16  0.0000e+00  9.3025e-01  1.0000e-02  9.5000e-01  5.0000e-01
  3.8730e+01  2.1750e-16  0.0000e+00  9.1167e-01  1.0000e-02  9.5000e-01  5.0000e-01
  3.9080e+01  2.1307e-16  0.0000e+00  8.9312e-01  1.0000e-02  9.5000e-01  5.0000e-01
  3.9450e+01  2.0876e-16  0.0000e+00  8.7507e-01  1.0000e-02  9.5000e-01  5.0000e-01
  3.9810e+01  2.0448e-16  0.0000e+00  8.5713e-01  1.0000e-02  9.5000e-01  5.0000e-01
  4.0180e+01  2.0027e-16  0.0000e+00  8.3948e-01  1.0000e-02  9.5000e-01  5.0000e-01
  4.0550e+01  1.9608e-16  0.0000e+00  8.2191e-01  1.0000e-02  9.5000e-01  5.0000e-01
  4.0930e+01  1.9203e-16  0.0000e+00  8.0492e-01  1.0000e-02  9.5000e-01  5.0000e-01
  4.1300e+01  1.8799e-16  0.0000e+00  7.8800e-01  1.0000e-02  9.5000e-01  5.0000e-01
  4.1690e+01  1.8404e-16  0.0000e+00  7.7144e-01  1.0000e-02  9.5000e-01  5.0000e-01
  4.2070e+01  1.8017e-16  0.0000e+00  7.5523e-01  1.0000e-02  9.5000e-01  5.0000e-01
  4.2460e+01  1.7639e-16  0.0000e+00  7.3937e-01  1.0000e-02  9.5000e-01  5.0000e-01
  4.2850e+01  1.7269e-16  0.0000e+00  7.2387e-01  1.0000e-02  9.5000e-01  5.0000e-01
  4.3250e+01  1.6902e-16  0.0000e+00  7.0849e-01  1.0000e-02  9.5000e-01  5.0000e-01
  4.3650e+01  1.6545e-16  0.0000e+00  6.9350e-01  1.0000e-02  9.5000e-01  5.0000e-01
  4.4060e+01  1.6195e-16  0.0000e+00  6.7884e-01  1.0000e-02  9.5000e-01  5.0000e-01
  4.4460e+01  1.5848e-16  0.0000e+00  6.6431e-01  1.0000e-02  9.5000e-01  5.0000e-01
  4.4870e+01  1.5511e-16  0.0000e+00  6.5017e-01  1.0000e-02  9.5000e-01  5.0000e-01
  4.5290e+01  1.5182e-16  0.0000e+00  6.3638e-01  1.0000e-02  9.5000e-01  5.0000e-01
  4.5710e+01  1.4861e-16  0.0000e+00  6.2294e-01  1.0000e-02  9.5000e-01  5.0000e-01
  4.6130e+01  1.4550e-16  0.0000e+00  6.0989e-01  1.0000e-02  9.5000e-01  5.0000e-01
  4.6560e+01  1.4241e-16  0.0000e+00  5.9693e-01  1.0000e-02  9.5000e-01  5.0000e-01
  4.6990e+01  1.3940e-16  0.0000e+00  5.8434e-01  1.0000e-02  9.5000e-01  5.0000e-01
  4.7420e+01  1.3642e-16  0.0000e+00  5.7184e-01  1.0000e-02  9.5000e-01  5.0000e-01
  4.7860e+01  1.3353e-16  0.0000e+00  5.5973e-01  1.0000e-02  9.5000e-01  5.0000e-01
  4.8310e+01  1.3072e-16  0.0000e+00  5.4794e-01  1.0000e-02  9.5000e-01  5.0000e-01
  4.8750e+01  1.2799e-16  0.0000e+00  5.3649e-01  1.0000e-02  9.5000e-01  5.0000e-01
  4.9200e+01  1.2529e-16  0.0000e+00  5.2516e-01  1.0000e-02  9.5000e-01  5.0000e-01
  4.9660e+01  1.2266e-16  0.0000e+00  5.1414e-01  1.0000e-02  9.5000e-01  5.0000e-01
  5.0120e+01  1.2006e-16  0.0000e+00  5.0326e-01  1.0000e-02  9.5000e-01  5.0000e-01
  5.0580e+01  1.1754e-16  0.0000e+00  4.9269e-01  1.0000e-02  9.5000e-01  5.0000e-01
  5.1050e+01  1.1510e-16  0.0000e+00  4.8246e-01  1.0000e-02  9.5000e-01  5.0000e-01
  5.1520e+01  1.1268e-16  0.0000e+00  4.7231e-01  1.0000e-02  9.5000e-01  5.0000e-01
  5.2000e+01  1.1034e-16  0.0000e+00  4.6252e-01  1.0000e-02  9.5000e-01  5.0000e-01
  5.2480e+01  1.0802e-16  0.0000e+00  4.5279e-01  1.0000e-02  9.5000e-01  5.0000e-01
  5.2970e+01  1.0577e-16  0.0000e+00  4.4336e-01  1.0000e-02  9.5000e-01  5.0000e-01
  5.3460e+01  1.0360e-16  0.0000e+00  4.3426e-01  1.0000e-02  9.5000e-01  5.0000e-01
  5.3950e+01  1.0145e-16  0.0000e+00  4.2523e-01  1.0000e-02  9.5000e-01  5.0000e-01
  5.4450e+01  9.9313e-17  0.0000e+00  4.1629e-01  1.0000e-02  9.5000e-01  5.0000e-01
  5.4950e+01  9.7252e-17  0.0000e+00  4.0765e-01  1.0000e-02  9.5000e-01  5.0000e-01
  5.5460e+01  9.5207e-17  0.0000e+00  3.9908e-01  1.0000e-02  9.5000e-01  5.0000e-01
  5.5980e+01  9.3234e-17  0.0000e+00  3.9081e-01  1.0000e-02  9.5000e-01  5.0000e-01
  5.6490e+01  9.1330e-17  0.0000e+00  3.8282e-01  1.0000e-02  9.5000e-01  5.0000e-01
  5.7020e+01  8.9389e-17  0.0000e+00  3.7469e-01  1.0000e-02  9.5000e-01  5.0000e-01
  5.7540e+01  8.7568e-17  0.0000e+00  3.6706e-01  1.0000e-02  9.5000e-01  5.0000e-01
  5.8080e+01  8.5767e-17  0.0000e+00  3.5951e-01  1.0000e-02  9.5000e-01  5.0000e-01
  5.8610e+01  8.3983e-17  0.0000e+00  3.5203e-01  1.0000e-02  9.5000e-01  5.0000e-01
  5.9160e+01  8.2261e-17  0.0000e+00  3.4481e-01  1.0000e-02  9.5000e-01  5.0000e-01
  5.9700e+01  8.0554e-17  0.0000e+00  3.3766e-01  1.0000e-02  9.5000e-01  5.0000e-01
  6.0260e+01  7.8916e-17  0.0000e+00  3.3079e-01  1.0000e-02  9.5000e-01  5.0000e-01
  6.0810e+01  7.7288e-17  0.0000e+00  3.2396e-01  1.0000e-02  9.5000e-01  5.0000e-01
  6.1380e+01  7.5727e-17  0.0000e+00  3.1742e-01  1.0000e-02  9.5000e-01  5.0000e-01
  6.1940e+01  7.4177e-17  0.0000e+00  3.1093e-01  1.0000e-02  9.5000e-01  5.0000e-01
  6.2520e+01  7.2638e-17  0.0000e+00  3.0447e-01  1.0000e-02  9.5000e-01  5.0000e-01
  6.3100e+01  7.1166e-17  0.0000e+00  2.9831e-01  1.0000e-02  9.5000e-01  5.0000e-01
  6.3680e+01  6.9700e-17  0.0000e+00  2.9216e-01  1.0000e-02  9.5000e-01  5.0000e-01
  6.4270e+01  6.8291e-17  0.0000e+00  2.8625e-01  1.0000e-02  9.5000e-01  5.0000e-01
  6.4860e+01  6.6897e-17  0.0000e+00  2.8041e-01  1.0000e-02  9.5000e-01  5.0000e-01
  6.5460e+01  6.5546e-17  0.0000e+00  2.7475e-01  1.0000e-02  9.5000e-01  5.0000e-01
  6.6070e+01  6.4215e-17  0.0000e+00  2.6917e-01  1.0000e-02  9.5000e-01  5.0000e-01
  6.6680e+01  6.2916e-17  0.0000e+00  2.6372e-01  1.0000e-02  9.5000e-01  5.0000e-01
  6.7300e+01  6.1632e-17  0.0000e+00  2.5834e-01  1.0000e-02  9.5000e-01  5.0000e-01
  6.7920e+01  6.0385e-17  0.0000e+00  2.5311e-01  1.0000e-02  9.5000e-01  5.0000e-01
  6.8550e+01  5.9159e-17  0.0000e+00  2.4798e-01  1.0000e-02  9.5000e-01  5.0000e-01
  6.9180e+01  5.7959e-17  0.0000e+00  2.4294e-01  1.0000e-02  9.5000e-01  5.0000e-01
  6.9820e+01  5.6805e-17  0.0000e+00  2.3811e-01  1.0000e-02  9.5000e-01  5.0000e-01
  7.0470e+01  5.5658e-17  0.0000e+00  2.3330e-01  1.0000e-02  9.5000e-01  5.0000e-01
  7.1120e+01  5.4531e-17  0.0000e+00  2.2857e-01  1.0000e-02  9.5000e-01  5.0000e-01
  7.1780e+01  5.3440e-17  0.0000e+00  2.2400e-01  1.0000e-02  9.5000e-01  5.0000e-01
  7.2440e+01  5.2376e-17  0.0000e+00  2.1954e-01  1.0000e-02  9.5000e-01  5.0000e-01
  7.3110e+01  5.1332e-17  0.0000e+00  2.1517e-01  1.0000e-02  9.5000e-01  5.0000e-01
  7.3790e+01  5.0305e-17  0.0000e+00  2.1086e-01  1.0000e-02  9.5000e-01  5.0000e-01
  7.4470e+01  4.9301e-17  0.0000e+00  2.0666e-01  1.0000e-02  9.5000e-01  5.0000e-01
  7.5160e+01  4.8315e-17  0.0000e+00  2.0252e-01  1.0000e-02  9.5000e-01  5.0000e-01
  7.5860e+01  4.7347e-17  0.0000e+00  1.9846e-01  1.0000e-02  9.5000e-01  5.0000e-01
  7.6560e+01  4.6401e-17  0.0000e+00  1.9450e-01  1.0000e-02  9.5000e-01  5.0000e-01
  7.7270e+01  4.5473e-17  0.0000e+00  1.9061e-01  1.0000e-02  9.5000e-01  5.0000e-01
  7.7980e+01  4.4574e-17  0.0000e+00  1.8684e-01  1.0000e-02  9.5000e-01  5.0000e-01
  7.8700e+01  4.3686e-17  0.0000e+00  1.8312e-01  1.0000e-02  9.5000e-01  5.0000e-01
  7.9430e+01  4.2827e-17  0.0000e+00  1.7951e-01  1.0000e-02  9.5000e-01  5.0000e-01
  8.0170e+01  4.1979e-17  0.0000e+00  1.7596e-01  1.0000e-02  9.5000e-01  5.0000e-01
  8.0910e+01  4.1144e-17  0.0000e+00  1.7246e-01  1.0000e-02  9.5000e-01  5.0000e-01
  8.1660e+01  4.0326e-17  0.0000e+00  1.6903e-01  1.0000e-02  9.5000e-01  5.0000e-01
  8.2410e+01  3.9532e-17  0.0000e+00  1.6570e-01  1.0000e-02  9.5000e-01  5.0000e-01
  8.3180e+01  3.8751e-17  0.0000e+00  1.6243e-01  1.0000e-02  9.5000e-01  5.0000e-01
  8.3950e+01  3.7991e-17  0.0000e+00  1.5924e-01  1.0000e-02  9.5000e-01  5.0000e-01
  8.4720e+01  3.7240e-17  0.0000e+00  1.5610e-01  1.0000e-02  9.5000e-01  5.0000e-01
  8.5510e+01  3.6510e-17  0.0000e+00  1.5304e-01  1.0000e-02  9.5000e-01  5.0000e-01
  8.6300e+01  3.5794e-17  0.0000e+00  1.5004e-01  1.0000e-02  9.5000e-01  5.0000e-01
  8.7100e+01  3.5088e-17  0.0000e+00  1.4708e-01  1.0000e-02  9.5000e-01  5.0000e-01
  8.7900e+01  3.4402e-17  0.0000e+00  1.4420e-01  1.0000e-02  9.5000e-01  5.0000e-01
  8.8720e+01  3.3724e-17  0.0000e+00  1.4136e-01  1.0000e-02  9.5000e-01  5.0000e-01
  8.9540e+01  3.3068e-17  0.0000e+00  1.3861e-01  1.0000e-02  9.5000e-01  5.0000e-01
  9.0360e+01  3.2424e-17  0.0000e+00  1.3591e-01  1.0000e-02  9.5000e-01  5.0000e-01
  9.1200e+01  3.1795e-17  0.0000e+00  1.3327e-01  1.0000e-02  9.5000e-01  5.0000e-01
  9.2040e+01  3.1174e-17  0.0000e+00  1.3067e-01  1.0000e-02  9.5000e-01  5.0000e-01
  9.2900e+01  3.0568e-17  0.0000e+00  1.2813e-01  1.0000e-02  9.5000e-01  5.0000e-01
  9.3760e+01  2.9970e-17  0.0000e+00  1.2562e-01  1.0000e-02  9.5000e-01  5.0000e-01
  9.4620e+01  2.9390e-17  0.0000e+00  1.2319e-01  1.0000e-02  9.5000e-01  5.0000e-01
  9.5500e+01  2.8815e-17  0.0000e+00  1.2078e-01  1.0000e-02  9.5000e-01  5.0000e-01
  9.6380e+01  2.8257e-17  0.0000e+00  1.1844e-01  1.0000e-02  9.5000e-01  5.0000e-01
  9.7270e+01  2.7708e-17  0.0000e+00  1.1614e-01  1.0000e-02  9.5000e-01  5.0000e-01
  9.8170e+01  2.7173e-17  0.0000e+00  1.1390e-01  1.0000e-02  9.5000e-01  5.0000e-01
  9.9080e+01  2.6646e-17  0.0000e+00  1.1169e-01  1.0000e-02  9.5000e-01  5.0000e-01
  1.0000e+02  2.6132e-17  0.0000e+00  1.0954e-01  1.0000e-02  9.5000e-01  5.0000e-01
  3.6000e+04  2.0164e-22  0.0000e+00  8.4520e-07  1.0000e-02  9.5000e-01  5.0000e-01
