  1.0000e-01  1.1375e-13  8.8220e-15  4.7679e+02  1.0000e-02  9.5000e-01  5.0000e-01
  1.0090e-01  1.1121e-13  8.6910e-15  4.6614e+02  1.0000e-02  9.5000e-01  5.0000e-01
  1.0190e-01  1.0861e-13  8.5420e-15  4.5527e+02  1.0000e-02  9.5000e-01  5.0000e-01
  1.0280e-01  1.0590e-13  8.3920e-15  4.4391e+02  1.0000e-02  9.5000e-01  5.0000e-01
  1.0380e-01  1.0303e-13  8.2210e-15  4.3188e+02  1.0000e-02  9.5000e-01  5.0000e-01
  1.0470e-01  1.0013e-13  8.0310e-15  4.1971e+02  1.0000e-02  9.5000e-01  5.0000e-01
  1.0570e-01  9.7287e-14  7.8210e-15  4.0780e+02  1.0000e-02  9.5000e-01  5.0000e-01
  1.0670e-01  9.4467e-14  7.5610e-15  3.9597e+02  1.0000e-02  9.5000e-01  5.0000e-01
  1.0760e-01  9.1705e-14  7.2800e-15  3.8440e+02  1.0000e-02  9.5000e-01  5.0000e-01
  1.0860e-01  8.8959e-14  6.9810e-15  3.7289e+02  1.0000e-02  9.5000e-01  5.0000e-01
  1.0960e-01  8.6348e-14  6.7210e-15  3.6194e+02  1.0000e-02  9.5000e-01  5.0000e-01
  1.1070e-01  8.3850e-14  6.4910e-15  3.5147e+02  1.0000e-02  9.5000e-01  5.0000e-01
  1.1170e-01  8.1446e-14  6.2500e-15  3.4139e+02  1.0000e-02  9.5000e-01  5.0000e-01
  1.1270e-01  7.9086e-14  5.9910e-15  3.3150e+02  1.0000e-02  9.5000e-01  5.0000e-01
  1.1380e-01  7.6768e-14  5.7510e-15  3.2179e+02  1.0000e-02  9.5000e-01  5.0000e-01
  1.1480e-01  7.4483e-14  5.5100e-15  3.1221e+02  1.0000e-02  9.5000e-01  5.0000e-01
  1.1590e-01  7.2300e-14  5.3000e-15  3.0306e+02  1.0000e-02  9.5000e-01  5.0000e-01
  1.1690e-01  7.0170e-14  5.1010e-15  2.9413e+02  1.0000e-02  9.5000e-01  5.0000e-01
  1.1800e-01  6.8112e-14  4.9210e-15  2.8550e+02  1.0000e-02  9.5000e-01  5.0000e-01
  1.1910e-01  6.6065e-14  4.7200e-15  2.7692e+02  1.0000e-02  9.5000e-01  5.0000e-01
  1.2020e-01  6.4091e-14  4.5410e-15  2.6865e+02  1.0000e-02  9.5000e-01  5.0000e-01
  1.2130e-01  6.2158e-14  4.3700e-15  2.6055e+02  1.0000e-02  9.5000e-01  5.0000e-01
  1.2250e-01  6.0277e-14  4.1950e-15  2.5266e+02  1.0000e-02  9.5000e-01  5.0000e-01
  1.2360e-01  5.8457e-14  4.0330e-15  2.4503e+02  1.0000e-02  9.5000e-01  5.0000e-01
  1.2470e-01  5.6703e-14  3.8650e-15  2.3768e+02  1.0000e-02  9.5000e-01  5.0000e-01
  1.2590e-01  5.5000e-14  3.7070e-15  2.3054e+02  1.0000e-02  9.5000e-01  5.0000e-01
  1.2710e-01  5.3363e-14  3.5630e-15  2.2368e+02  1.0000e-02  9.5000e-01  5.0000e-01
  1.2820e-01  5.1804e-14  3.4440e-15  2.1715e+02  1.0000e-02  9.5000e-01  5.0000e-01
  1.2940e-01  5.0280e-14  3.2900e-15  2.1076e+02  1.0000e-02  9.5000e-01  5.0000e-01
  1.3060e-01  4.8440e-14  3.1680e-15  2.0304e+02  1.0000e-02  9.5000e-01  5.0000e-01
  1.3180e-01  4.7171e-14  3.0420e-15  1.9773e+02  1.0000e-02  9.5000e-01  5.0000e-01
  1.3300e-01  4.5976e-14  2.9320e-15  1.9272e+02  1.0000e-02  9.5000e-01  5.0000e-01
  1.3430e-01  4.4840e-14  2.8330e-15  1.8795e+02  1.0000e-02  9.5000e-01  5.0000e-01
  1.3550e-01  4.3754e-14  2.7280e-15  1.8340e+02  1.0000e-02  9.5000e-01  5.0000e-01
  1.3680e-01  4.2725e-14  2.6260e-15  1.7909e+02  1.0000e-02  9.5000e-01  5.0000e-01
  1.3800e-01  4.1752e-14  2.5370e-15  1.7501e+02  1.0000e-02  9.5000e-01  5.0000e-01
  1.3930e-01  4.0824e-14  2.4610e-15  1.7112e+02  1.0000e-02  9.5000e-01  5.0000e-01
  1.4060e-01  3.9937e-14  2.3860e-15  1.6740e+02  1.0000e-02  9.5000e-01  5.0000e-01
  1.4190e-01  3.9082e-14  2.3130e-15  1.6382e+02  1.0000e-02  9.5000e-01  5.0000e-01
  1.4320e-01  3.8207e-14  2.2530e-15  1.6015e+02  1.0000e-02  9.5000e-01  5.0000e-01
  1.4450e-01  3.7309e-14  2.1810e-15  1.5639e+02  1.0000e-02  9.5000e-01  5.0000e-01
  1.4590e-01  3.6394e-14  2.1063e-15  1.5255e+02  1.0000e-02  9.5000e-01  5.0000e-01
  1.4720e-01  3.5496e-14  2.0272e-15  1.4879e+02  1.0000e-02  9.5000e-01  5.0000e-01
  1.4860e-01  3.4657e-14  1.9522e-15  1.4527e+02  1.0000e-02  9.5000e-01  5.0000e-01
  1.5000e-01  3.3830e-14  1.8692e-15  1.4180e+02  1.0000e-02  9.5000e-01  5.0000e-01
  1.5140e-01  3.3062e-14  1.7872e-15  1.3859e+02  1.0000e-02  9.5000e-01  5.0000e-01
  1.5280e-01  3.2368e-14  1.7062e-15  1.3568e+02  1.0000e-02  9.5000e-01  5.0000e-01
  1.5420e-01  3.1733e-14  1.6261e-15  1.3301e+02  1.0000e-02  9.5000e-01  5.0000e-01
  1.5560e-01  3.1173e-14  1.5482e-15  1.3067e+02  1.0000e-02  9.5000e-01  5.0000e-01
  1.5700e-01  3.0695e-14  1.4722e-15  1.2866e+02  1.0000e-02  9.5000e-01  5.0000e-01
  1.5850e-01  3.0292e-14  1.3982e-15  1.2697e+02  1.0000e-02  9.5000e-01  5.0000e-01
  1.6000e-01  2.9951e-14  1.3272e-15  1.2555e+02  1.0000e-02  9.5000e-01  5.0000e-01
  1.6140e-01  2.9703e-14  1.2622e-15  1.2450e+02  1.0000e-02  9.5000e-01  5.0000e-01
  1.6290e-01  2.9529e-14  1.1982e-15  1.2377e+02  1.0000e-02  9.5000e-01  5.0000e-01
  1.6440e-01  2.9419e-14  1.1402e-15  1.2332e+02  1.0000e-02  9.5000e-01  5.0000e-01
  1.6600e-01  2.9397e-14  1.0841e-15  1.2322e+02  1.0000e-02  9.5000e-01  5.0000e-01
  1.6750e-01  2.9462e-14  1.0321e-15  1.2349e+02  1.0000e-02  9.5000e-01  5.0000e-01
  1.6900e-01  2.9595e-14  9.8410e-16  1.2405e+02  1.0000e-02  9.5000e-01  5.0000e-01
  1.7060e-01  2.9809e-14  9.4010e-16  1.2495e+02  1.0000e-02  9.5000e-01  5.0000e-01
  1.7220e-01  3.0100e-14  8.9910e-16  1.2617e+02  1.0000e-02  9.5000e-01  5.0000e-01
  1.7380e-01  3.0446e-14  8.6110e-16  1.2762e+02  1.0000e-02  9.5000e-01  5.0000e-01
  1.7540e-01  3.0878e-14  8.2610e-16  1.2943e+02  1.0000e-02  9.5000e-01  5.0000e-01
  1.7700e-01  3.1388e-14  7.9510e-16  1.3157e+02  1.0000e-02  9.5000e-01  5.0000e-01
  1.7860e-01  3.1996e-14  7.6600e-16  1.3412e+02  1.0000e-02  9.5000e-01  5.0000e-01
  1.8030e-01  3.2686e-14  7.4010e-16  1.3701e+02  1.0000e-02  9.5000e-01  5.0000e-01
  1.8200e-01  3.3493e-14  7.1800e-16  1.4039e+02  1.0000e-02  9.5000e-01  5.0000e-01
  1.8370e-01  3.4414e-14  6.9810e-16  1.4425e+02  1.0000e-02  9.5000e-01  5.0000e-01
  1.8540e-01  3.5454e-14  6.8300e-16  1.4861e+02  1.0000e-02  9.5000e-01  5.0000e-01
  1.8710e-01  3.6635e-14  6.6500e-16  1.5356e+02  1.0000e-02  9.5000e-01  5.0000e-01
  1.8880e-01  3.7956e-14  6.5110e-16  1.5910e+02  1.0000e-02  9.5000e-01  5.0000e-01
  1.9050e-01  3.9454e-14  6.5709e-16  1.6538e+02  1.0000e-02  9.5000e-01  5.0000e-01
  1.9230e-01  4.1098e-14  6.5560e-16  1.7227e+02  1.0000e-02  9.5000e-01  5.0000e-01
  1.9410e-01  4.2908e-14  6.4505e-16  1.7985e+02  1.0000e-02  9.5000e-01  5.0000e-01
  1.9590e-01  4.4904e-14  6.4534e-16  1.8822e+02  1.0000e-02  9.5000e-01  5.0000e-01
  1.9770e-01  4.7067e-14  6.5665e-16  1.9729e+02  1.0000e-02  9.5000e-01  5.0000e-01
  1.9950e-01  4.9387e-14  6.6924e-16  2.0701e+02  1.0000e-02  9.5000e-01  5.0000e-01
  2.0140e-01  5.1832e-14  6.8264e-16  2.1726e+02  1.0000e-02  9.5000e-01  5.0000e-01
  2.0320e-01  5.4342e-14  6.7694e-16  2.2778e+02  1.0000e-02  9.5000e-01  5.0000e-01
  2.0510e-01  5.6898e-14  6.9203e-16  2.3850e+02  1.0000e-02  9.5000e-01  5.0000e-01
  2.0700e-01  5.9379e-14  7.0784e-16  2.4890e+02  1.0000e-02  9.5000e-01  5.0000e-01
  2.0890e-01  6.1684e-14  7.1444e-16  2.5856e+02  1.0000e-02  9.5000e-01  5.0000e-01
  2.1090e-01  6.3694e-14  7.3174e-16  2.6699e+02  1.0000e-02  9.5000e-01  5.0000e-01
  2.1280e-01  6.5288e-14  7.4993e-16  2.7367e+02  1.0000e-02  9.5000e-01  5.0000e-01
  2.1480e-01  6.6325e-14  7.5843e-16  2.7801e+02  1.0000e-02  9.5000e-01  5.0000e-01
  2.1680e-01  6.6716e-14  7.6764e-16  2.7965e+02  1.0000e-02  9.5000e-01  5.0000e-01
  2.1880e-01  6.6370e-14  7.5752e-16  2.7820e+02  1.0000e-02  9.5000e-01  5.0000e-01
  2.2080e-01  6.5316e-14  7.3794e-16  2.7379e+02  1.0000e-02  9.5000e-01  5.0000e-01
  2.2280e-01  6.3676e-14  7.1874e-16  2.6691e+02  1.0000e-02  9.5000e-01  5.0000e-01
  2.2490e-01  6.1559e-14  6.9003e-16  2.5803e+02  1.0000e-02  9.5000e-01  5.0000e-01
  2.2700e-01  5.9124e-14  6.6182e-16  2.4783e+02  1.0000e-02  9.5000e-01  5.0000e-01
  2.2910e-01  5.6492e-14  6.3413e-16  2.3679e+02  1.0000e-02  9.5000e-01  5.0000e-01
  2.3120e-01  5.3740e-14  5.9683e-16  2.2526e+02  1.0000e-02  9.5000e-01  5.0000e-01
  2.3330e-01  5.0990e-14  5.6982e-16  2.1373e+02  1.0000e-02  9.5000e-01  5.0000e-01
  2.3550e-01  4.8291e-14  5.3321e-16  2.0242e+02  1.0000e-02  9.5000e-01  5.0000e-01
  2.3770e-01  4.5712e-14  5.1701e-16  1.9161e+02  1.0000e-02  9.5000e-01  5.0000e-01
  2.3990e-01  4.3275e-14  4.6102e-16  1.8139e+02  1.0000e-02  9.5000e-01  5.0000e-01
  2.4210e-01  4.1039e-14  4.3542e-16  1.7202e+02  1.0000e-02  9.5000e-01  5.0000e-01
  2.4430e-01  3.8984e-14  4.0002e-16  1.6341e+02  1.0000e-02  9.5000e-01  5.0000e-01
  2.4660e-01  3.7118e-14  3.7502e-16  1.5559e+02  1.0000e-02  9.5000e-01  5.0000e-01
  2.4890e-01  3.5422e-14  3.5622e-16  1.4848e+02  1.0000e-02  9.5000e-01  5.0000e-01
  2.5120e-01  3.3881e-14  3.3452e-16  1.4202e+02  1.0000e-02  9.5000e-01  5.0000e-01
  2.5350e-01  3.2482e-14  3.1311e-16  1.3615e+02  1.0000e-02  9.5000e-01  5.0000e-01
  2.5590e-01  3.1214e-14  2.9491e-16  1.3084e+02  1.0000e-02  9.5000e-01  5.0000e-01
  2.5820e-01  3.0061e-14  2.7691e-16  1.2601e+02  1.0000e-02  9.5000e-01  5.0000e-01
  2.6060e-01  2.9001e-14  2.6101e-16  1.2156e+02  1.0000e-02  9.5000e-01  5.0000e-01
  2.6300e-01  2.8042e-14  2.4631e-16  1.1754e+02  1.0000e-02  9.5000e-01  5.0000e-01
  2.6550e-01  2.7169e-14  2.3191e-16  1.1388e+02  1.0000e-02  9.5000e-01  5.0000e-01
  2.6790e-01  2.6378e-14  2.1951e-16  1.1057e+02  1.0000e-02  9.5000e-01  5.0000e-01
  2.7040e-01  2.5646e-14  2.0841e-16  1.0750e+02  1.0000e-02  9.5000e-01  5.0000e-01
  2.7290e-01  2.4970e-14  1.9731e-16  1.0467e+02  1.0000e-02  9.5000e-01  5.0000e-01
  2.7540e-01  2.4362e-14  1.8741e-16  1.0212e+02  1.0000e-02  9.5000e-01  5.0000e-01
  2.7800e-01  2.3787e-14  1.7761e-16  9.9708e+01  1.0000e-02  9.5000e-01  5.0000e-01
  2.8050e-01  2.3265e-14  1.6891e-16  9.7518e+01  1.0000e-02  9.5000e-01  5.0000e-01
  2.8310e-01  2.2781e-14  1.5931e-16  9.5489e+01  1.0000e-02  9.5000e-01  5.0000e-01
  2.8580e-01  2.2317e-14  1.5290e-16  9.3547e+01  1.0000e-02  9.5000e-01  5.0000e-01
  2.8840e-01  2.1905e-14  1.4551e-16  9.1816e+01  1.0000e-02  9.5000e-01  5.0000e-01
  2.9110e-01  2.1509e-14  1.3830e-16  9.0157e+01  1.0000e-02  9.5000e-01  5.0000e-01
  2.9380e-01  2.1139e-14  1.3211e-16  8.8607e+01  1.0000e-02  9.5000e-01  5.0000e-01
  2.9650e-01  2.0794e-14  1.2611e-16  8.7163e+01  1.0000e-02  9.5000e-01  5.0000e-01
  2.9920e-01  2.0466e-14  1.2010e-16  8.5786e+01  1.0000e-02  9.5000e-01  5.0000e-01
  3.0200e-01  2.0162e-14  1.1511e-16  8.4514e+01  1.0000e-02  9.5000e-01  5.0000e-01
  3.0480e-01  1.9775e-14  1.0930e-16  8.2890e+01  1.0000e-02  9.5000e-01  5.0000e-01
  3.0760e-01  1.9350e-14  1.0460e-16  8.1107e+01  1.0000e-02  9.5000e-01  5.0000e-01
  3.1050e-01  1.8927e-14  1.0090e-16  7.9337e+01  1.0000e-02  9.5000e-01  5.0000e-01
  3.1330e-01  1.8507e-14  9.6309e-17  7.7576e+01  1.0000e-02  9.5000e-01  5.0000e-01
  3.1620e-01  1.8100e-14  9.1810e-17  7.5870e+01  1.0000e-02  9.5000e-01  5.0000e-01
  3.1920e-01  1.7695e-14  8.7300e-17  7.4172e+01  1.0000e-02  9.5000e-01  5.0000e-01
  3.2210e-01  1.7303e-14  8.3902e-17  7.2529e+01  1.0000e-02  9.5000e-01  5.0000e-01
  3.2510e-01  1.6914e-14  8.0610e-17  7.0899e+01  1.0000e-02  9.5000e-01  5.0000e-01
  3.2810e-01  1.6527e-14  7.7300e-17  6.9278e+01  1.0000e-02  9.5000e-01  5.0000e-01
  3.3110e-01  1.6154e-14  7.4012e-17  6.7711e+01  1.0000e-02  9.5000e-01  5.0000e-01
  3.3420e-01  1.5782e-14  7.0900e-17  6.6153e+01  1.0000e-02  9.5000e-01  5.0000e-01
  3.3730e-01  1.5423e-14  6.7700e-17  6.4646e+01  1.0000e-02  9.5000e-01  5.0000e-01
  3.4040e-01  1.5066e-14  6.5599e-17  6.3152e+01  1.0000e-02  9.5000e-01  5.0000e-01
  3.4360e-01  1.4712e-14  6.2499e-17  6.1666e+01  1.0000e-02  9.5000e-01  5.0000e-01
  3.4670e-01  1.4370e-14  6.0500e-17  6.0235e+01  1.0000e-02  9.5000e-01  5.0000e-01
  3.4990e-01  1.4031e-14  5.8600e-17  5.8813e+01  1.0000e-02  9.5000e-01  5.0000e-01
  3.5320e-01  1.3698e-14  5.5600e-17  5.7419e+01  1.0000e-02  9.5000e-01  5.0000e-01
  3.5650e-01  1.3371e-14  5.2700e-17  5.6048e+01  1.0000e-02  9.5000e-01  5.0000e-01
  3.5970e-01  1.3052e-14  5.1910e-17  5.4710e+01  1.0000e-02  9.5000e-01  5.0000e-01
  3.6310e-01  1.2737e-14  4.9001e-17  5.3388e+01  1.0000e-02  9.5000e-01  5.0000e-01
  3.6640e-01  1.2427e-14  4.7199e-17  5.2089e+01  1.0000e-02  9.5000e-01  5.0000e-01
  3.6980e-01  1.2122e-14  4.5399e-17  5.0810e+01  1.0000e-02  9.5000e-01  5.0000e-01
  3.7330e-01  1.1822e-14  4.3600e-17  4.9552e+01  1.0000e-02  9.5000e-01  5.0000e-01
  3.7670e-01  1.1527e-14  4.1900e-17  4.8316e+01  1.0000e-02  9.5000e-01  5.0000e-01
  3.8020e-01  1.1237e-14  4.0301e-17  4.7101e+01  1.0000e-02  9.5000e-01  5.0000e-01
  3.8370e-01  1.0952e-14  3.8700e-17  4.5907e+01  1.0000e-02  9.5000e-01  5.0000e-01
  3.8730e-01  1.0672e-14  3.7001e-17  4.4734e+01  1.0000e-02  9.5000e-01  5.0000e-01
  3.9080e-01  1.0398e-14  3.6400e-17  4.3586e+01  1.0000e-02  9.5000e-01  5.0000e-01
  3.9450e-01  1.0129e-14  3.3800e-17  4.2456e+01  1.0000e-02  9.5000e-01  5.0000e-01
  3.9810e-01  9.8639e-15  3.3310e-17  4.1346e+01  1.0000e-02  9.5000e-01  5.0000e-01
  4.0180e-01  9.6042e-15  3.1700e-17  4.0258e+01  1.0000e-02  9.5000e-01  5.0000e-01
  4.0550e-01  9.3495e-15  3.1200e-17  3.9190e+01  1.0000e-02  9.5000e-01  5.0000e-01
  4.0930e-01  9.0989e-15  2.9700e-17  3.8140e+01  1.0000e-02  9.5000e-01  5.0000e-01
  4.1300e-01  8.8533e-15  2.8200e-17  3.7110e+01  1.0000e-02  9.5000e-01  5.0000e-01
  4.1690e-01  8.6137e-15  2.7811e-17  3.6106e+01  1.0000e-02  9.5000e-01  5.0000e-01
  4.2070e-01  8.3772e-15  2.6300e-17  3.5114e+01  1.0000e-02  9.5000e-01  5.0000e-01
  4.2460e-01  8.1466e-15  2.5900e-17  3.4148e+01  1.0000e-02  9.5000e-01  5.0000e-01
  4.2850e-01  7.9192e-15  2.4500e-17  3.3195e+01  1.0000e-02  9.5000e-01  5.0000e-01
  4.3250e-01  7.6978e-15  2.3099e-17  3.2267e+01  1.0000e-02  9.5000e-01  5.0000e-01
  4.3650e-01  7.4803e-15  2.1709e-17  3.1355e+01  1.0000e-02  9.5000e-01  5.0000e-01
  4.4060e-01  7.2690e-15  2.1400e-17  3.0469e+01  1.0000e-02  9.5000e-01  5.0000e-01
  4.4460e-01  7.0617e-15  2.1100e-17  2.9600e+01  1.0000e-02  9.5000e-01  5.0000e-01
  4.4870e-01  6.8584e-15  1.9700e-17  2.8748e+01  1.0000e-02  9.5000e-01  5.0000e-01
  4.5290e-01  6.6600e-15  1.9400e-17  2.7917e+01  1.0000e-02  9.5000e-01  5.0000e-01
  4.5710e-01  6.4658e-15  1.8100e-17  2.7103e+01  1.0000e-02  9.5000e-01  5.0000e-01
  4.6130e-01  6.2766e-15  1.7810e-17  2.6309e+01  1.0000e-02  9.5000e-01  5.0000e-01
  4.6560e-01  6.0914e-15  1.6500e-17  2.5533e+01  1.0000e-02  9.5000e-01  5.0000e-01
  4.6990e-01  5.9122e-15  1.7200e-17  2.4782e+01  1.0000e-02  9.5000e-01  5.0000e-01
  4.7420e-01  5.7350e-15  1.5900e-17  2.4039e+01  1.0000e-02  9.5000e-01  5.0000e-01
  4.7860e-01  5.5629e-15  1.5700e-17  2.3318e+01  1.0000e-02  9.5000e-01  5.0000e-01
  4.8310e-01  5.3948e-15  1.5400e-17  2.2613e+01  1.0000e-02  9.5000e-01  5.0000e-01
  4.8750e-01  5.2298e-15  1.4200e-17  2.1922e+01  1.0000e-02  9.5000e-01  5.0000e-01
  4.9200e-01  5.0708e-15  1.4000e-17  2.1255e+01  1.0000e-02  9.5000e-01  5.0000e-01
  4.9660e-01  4.9138e-15  1.3800e-17  2.0597e+01  1.0000e-02  9.5000e-01  5.0000e-01
  5.0120e-01  4.7608e-15  1.2500e-17  1.9956e+01  1.0000e-02  9.5000e-01  5.0000e-01
  5.0580e-01  4.6108e-15  1.2300e-17  1.9327e+01  1.0000e-02  9.5000e-01  5.0000e-01
  5.1050e-01  4.4639e-15  1.2100e-17  1.8711e+01  1.0000e-02  9.5000e-01  5.0000e-01
  5.1520e-01  4.3210e-15  1.2000e-17  1.8112e+01  1.0000e-02  9.5000e-01  5.0000e-01
  5.2000e-01  4.1801e-15  1.0800e-17  1.7522e+01  1.0000e-02  9.5000e-01  5.0000e-01
  5.2480e-01  4.0442e-15  1.0610e-17  1.6952e+01  1.0000e-02  9.5000e-01  5.0000e-01
  5.2970e-01  3.9114e-15  1.0400e-17  1.6395e+01  1.0000e-02  9.5000e-01  5.0000e-01
  5.3460e-01  3.7815e-15  9.2000e-18  1.5851e+01  1.0000e-02  9.5000e-01  5.0000e-01
  5.3950e-01  3.6567e-15  9.1001e-18  1.5328e+01  1.0000e-02  9.5000e-01  5.0000e-01
  5.4450e-01  3.5339e-15  8.9000e-18  1.4813e+01  1.0000e-02  9.5000e-01  5.0000e-01
  5.4950e-01  3.4162e-15  8.8000e-18  1.4320e+01  1.0000e-02  9.5000e-01  5.0000e-01
  5.5460e-01  3.3014e-15  8.6999e-18  1.3839e+01  1.0000e-02  9.5000e-01  5.0000e-01
  5.5980e-01  3.1888e-15  7.5998e-18  1.3366e+01  1.0000e-02  9.5000e-01  5.0000e-01
  5.6490e-01  3.0810e-15  7.4001e-18  1.2914e+01  1.0000e-02  9.5000e-01  5.0000e-01
  5.7020e-01  2.9766e-15  7.5001e-18  1.2477e+01  1.0000e-02  9.5000e-01  5.0000e-01
  5.7540e-01  2.8744e-15  7.2002e-18  1.2049e+01  1.0000e-02  9.5000e-01  5.0000e-01
  5.8080e-01  2.7761e-15  7.1000e-18  1.1637e+01  1.0000e-02  9.5000e-01  5.0000e-01
  5.8610e-01  2.6804e-15  6.7000e-18  1.1235e+01  1.0000e-02  9.5000e-01  5.0000e-01
  5.9160e-01  2.5885e-15  6.5001e-18  1.0850e+01  1.0000e-02  9.5000e-01  5.0000e-01
  5.9700e-01  2.4991e-15  6.2998e-18  1.0475e+01  1.0000e-02  9.5000e-01  5.0000e-01
  6.0260e-01  2.4123e-15  6.0000e-18  1.0112e+01  1.0000e-02  9.5000e-01  5.0000e-01
  6.0810e-01  2.3295e-15  5.9000e-18  9.7643e+00  1.0000e-02  9.5000e-01  5.0000e-01
  6.1380e-01  2.2490e-15  6.5999e-18  9.4270e+00  1.0000e-02  9.5000e-01  5.0000e-01
  6.1940e-01  2.1702e-15  5.3998e-18  9.0968e+00  1.0000e-02  9.5000e-01  5.0000e-01
  6.2520e-01  2.0951e-15  5.1999e-18  8.7818e+00  1.0000e-02  9.5000e-01  5.0000e-01
  6.3100e-01  2.0214e-15  4.8999e-18  8.4730e+00  1.0000e-02  9.5000e-01  5.0000e-01
  6.3680e-01  1.9504e-15  4.8999e-18  8.1755e+00  1.0000e-02  9.5000e-01  5.0000e-01
  6.4270e-01  1.8810e-15  4.5998e-18  7.8844e+00  1.0000e-02  9.5000e-01  5.0000e-01
  6.4860e-01  1.8137e-15  4.5001e-18  7.6024e+00  1.0000e-02  9.5000e-01  5.0000e-01
  6.5460e-01  1.7478e-15  4.2000e-18  7.3264e+00  1.0000e-02  9.5000e-01  5.0000e-01
  6.6070e-01  1.6840e-15  4.2000e-18  7.0587e+00  1.0000e-02  9.5000e-01  5.0000e-01
  6.6680e-01  1.6219e-15  4.0999e-18  6.7986e+00  1.0000e-02  9.5000e-01  5.0000e-01
  6.7300e-01  1.5621e-15  3.7999e-18  6.5477e+00  1.0000e-02  9.5000e-01  5.0000e-01
  6.7920e-01  1.5043e-15  3.6999e-18  6.3056e+00  1.0000e-02  9.5000e-01  5.0000e-01
  6.8550e-01  1.4488e-15  3.4999e-18  6.0727e+00  1.0000e-02  9.5000e-01  5.0000e-01
  6.9180e-01  1.3953e-15  3.5000e-18  5.8487e+00  1.0000e-02  9.5000e-01  5.0000e-01
  6.9820e-01  1.3441e-15  3.4999e-18  5.6339e+00  1.0000e-02  9.5000e-01  5.0000e-01
  7.0470e-01  1.2948e-15  3.1999e-18  5.4274e+00  1.0000e-02  9.5000e-01  5.0000e-01
  7.1120e-01  1.2479e-15  3.2000e-18  5.2307e+00  1.0000e-02  9.5000e-01  5.0000e-01
  7.1780e-01  1.2029e-15  3.0000e-18  5.0422e+00  1.0000e-02  9.5000e-01  5.0000e-01
  7.2440e-01  1.1600e-15  2.8000e-18  4.8623e+00  1.0000e-02  9.5000e-01  5.0000e-01
  7.3110e-01  1.1191e-15  2.8000e-18  4.6911e+00  1.0000e-02  9.5000e-01  5.0000e-01
  7.3790e-01  1.0800e-15  2.6001e-18  4.5270e+00  1.0000e-02  9.5000e-01  5.0000e-01
  7.4470e-01  1.0428e-15  2.6999e-18  4.3709e+00  1.0000e-02  9.5000e-01  5.0000e-01
  7.5160e-01  1.0069e-15  2.6001e-18  4.2207e+00  1.0000e-02  9.5000e-01  5.0000e-01
  7.5860e-01  9.7258e-16  2.4000e-18  4.0767e+00  1.0000e-02  9.5000e-01  5.0000e-01
  7.6560e-01  9.3975e-16  2.2999e-18  3.9391e+00  1.0000e-02  9.5000e-01  5.0000e-01
  7.7270e-01  9.0821e-16  2.2000e-18  3.8069e+00  1.0000e-02  9.5000e-01  5.0000e-01
  7.7980e-01  8.7798e-16  2.1000e-18  3.6802e+00  1.0000e-02  9.5000e-01  5.0000e-01
  7.8700e-01  8.4924e-16  2.1000e-18  3.5597e+00  1.0000e-02  9.5000e-01  5.0000e-01
  7.9430e-01  8.2171e-16  2.1000e-18  3.4443e+00  1.0000e-02  9.5000e-01  5.0000e-01
  8.0170e-01  7.9558e-16  2.0000e-18  3.3348e+00  1.0000e-02  9.5000e-01  5.0000e-01
  8.0910e-01  7.7095e-16  1.9000e-18  3.2316e+00  1.0000e-02  9.5000e-01  5.0000e-01
  8.1660e-01  7.4732e-16  1.8001e-18  3.1325e+00  1.0000e-02  9.5000e-01  5.0000e-01
  8.2410e-01  7.2509e-16  1.7000e-18  3.0393e+00  1.0000e-02  9.5000e-01  5.0000e-01
  8.3180e-01  7.0417e-16  1.7000e-18  2.9516e+00  1.0000e-02  9.5000e-01  5.0000e-01
  8.3950e-01  6.8454e-16  1.7000e-18  2.8694e+00  1.0000e-02  9.5000e-01  5.0000e-01
  8.4720e-01  6.6602e-16  1.5000e-18  2.7917e+00  1.0000e-02  9.5000e-01  5.0000e-01
  8.5510e-01  6.4879e-16  1.5999e-18  2.7195e+00  1.0000e-02  9.5000e-01  5.0000e-01
  8.6300e-01  6.3287e-16  1.6000e-18  2.6528e+00  1.0000e-02  9.5000e-01  5.0000e-01
  8.7100e-01  6.1805e-16  1.3999e-18  2.5907e+00  1.0000e-02  9.5000e-01  5.0000e-01
  8.7900e-01  6.0463e-16  1.4000e-18  2.5344e+00  1.0000e-02  9.5000e-01  5.0000e-01
  8.8720e-01  5.9241e-16  1.2000e-18  2.4832e+00  1.0000e-02  9.5000e-01  5.0000e-01
  8.9540e-01  5.8160e-16  1.2401e-18  2.4379e+00  1.0000e-02  9.5000e-01  5.0000e-01
  9.0360e-01  5.7228e-16  1.2100e-18  2.3988e+00  1.0000e-02  9.5000e-01  5.0000e-01
  9.1200e-01  5.6448e-16  1.1000e-18  2.3661e+00  1.0000e-02  9.5000e-01  5.0000e-01
  9.2040e-01  5.5839e-16  1.0800e-18  2.3406e+00  1.0000e-02  9.5000e-01  5.0000e-01
  9.2900e-01  5.5450e-16  1.0600e-18  2.3243e+00  1.0000e-02  9.5000e-01  5.0000e-01
  9.3760e-01  5.5313e-16  1.0400e-18  2.3185e+00  1.0000e-02  9.5000e-01  5.0000e-01
  9.4620e-01  5.5476e-16  1.0200e-18  2.3254e+00  1.0000e-02  9.5000e-01  5.0000e-01
  9.5500e-01  5.6041e-16  1.0100e-18  2.3491e+00  1.0000e-02  9.5000e-01  5.0000e-01
  9.6380e-01  5.7126e-16  9.9002e-19  2.3945e+00  1.0000e-02  9.5000e-01  5.0000e-01
  9.7270e-01  5.8933e-16  8.8001e-19  2.4703e+00  1.0000e-02  9.5000e-01  5.0000e-01
  9.8170e-01  6.1790e-16  8.6996e-19  2.5900e+00  1.0000e-02  9.5000e-01  5.0000e-01
  9.9080e-01  6.6158e-16  8.5995e-19  2.7731e+00  1.0000e-02  9.5000e-01  5.0000e-01
  1.0000e+00  7.2848e-16  8.5000e-19  3.0535e+00  1.0000e-02  9.5000e-01  5.0000e-01
  1.0090e+00  8.3068e-16  7.2998e-19  3.4819e+00  1.0000e-02  9.5000e-01  5.0000e-01
  1.0190e+00  9.8610e-16  7.1998e-19  4.1334e+00  1.0000e-02  9.5000e-01  5.0000e-01
  1.0280e+00  1.2104e-15  6.9997e-19  5.0736e+00  1.0000e-02  9.5000e-01  5.0000e-01
  1.0380e+00  1.4815e-15  7.9992e-19  6.2097e+00  1.0000e-02  9.5000e-01  5.0000e-01
  1.0470e+00  1.6699e-15  6.9001e-19  6.9996e+00  1.0000e-02  9.5000e-01  5.0000e-01
  1.0570e+00  1.6094e-15  6.8006e-19  6.7462e+00  1.0000e-02  9.5000e-01  5.0000e-01
  1.0670e+00  1.3557e-15  5.6010e-19  5.6826e+00  1.0000e-02  9.5000e-01  5.0000e-01
  1.0760e+00  1.0867e-15  6.5994e-19  4.5549e+00  1.0000e-02  9.5000e-01  5.0000e-01
  1.0860e+00  8.8223e-16  6.3999e-19  3.6980e+00  1.0000e-02  9.5000e-01  5.0000e-01
  1.0960e+00  7.4222e-16  6.3999e-19  3.1111e+00  1.0000e-02  9.5000e-01  5.0000e-01
  1.1070e+00  6.4790e-16  5.1997e-19  2.7158e+00  1.0000e-02  9.5000e-01  5.0000e-01
  1.1170e+00  5.8400e-16  5.2003e-19  2.4479e+00  1.0000e-02  9.5000e-01  5.0000e-01
  1.1270e+00  5.4061e-16  5.1992e-19  2.2661e+00  1.0000e-02  9.5000e-01  5.0000e-01
  1.1380e+00  5.1112e-16  5.0997e-19  2.1424e+00  1.0000e-02  9.5000e-01  5.0000e-01
  1.1480e+00  4.9203e-16  4.0001e-19  2.0624e+00  1.0000e-02  9.5000e-01  5.0000e-01
  1.1590e+00  4.8125e-16  3.9006e-19  2.0172e+00  1.0000e-02  9.5000e-01  5.0000e-01
  1.1690e+00  4.7759e-16  4.9001e-19  2.0019e+00  1.0000e-02  9.5000e-01  5.0000e-01
  1.1800e+00  4.8032e-16  3.6999e-19  2.0133e+00  1.0000e-02  9.5000e-01  5.0000e-01
  1.1910e+00  4.8947e-16  4.7000e-19  2.0517e+00  1.0000e-02  9.5000e-01  5.0000e-01
  1.2020e+00  5.0452e-16  4.5999e-19  2.1148e+00  1.0000e-02  9.5000e-01  5.0000e-01
  1.2130e+00  5.2478e-16  3.5999e-19  2.1997e+00  1.0000e-02  9.5000e-01  5.0000e-01
  1.2250e+00  5.4814e-16  3.4998e-19  2.2976e+00  1.0000e-02  9.5000e-01  5.0000e-01
  1.2360e+00  5.7072e-16  4.4999e-19  2.3923e+00  1.0000e-02  9.5000e-01  5.0000e-01
  1.2470e+00  5.8633e-16  3.3998e-19  2.4577e+00  1.0000e-02  9.5000e-01  5.0000e-01
  1.2590e+00  5.8896e-16  3.4003e-19  2.4687e+00  1.0000e-02  9.5000e-01  5.0000e-01
  1.2710e+00  5.7549e-16  3.3003e-19  2.4123e+00  1.0000e-02  9.5000e-01  5.0000e-01
  1.2820e+00  5.4803e-16  2.3002e-19  2.2972e+00  1.0000e-02  9.5000e-01  5.0000e-01
  1.2940e+00  5.1217e-16  3.2002e-19  2.1468e+00  1.0000e-02  9.5000e-01  5.0000e-01
  1.3060e+00  4.7393e-16  3.1997e-19  1.9866e+00  1.0000e-02  9.5000e-01  5.0000e-01
  1.3180e+00  4.3730e-16  3.2002e-19  1.8330e+00  1.0000e-02  9.5000e-01  5.0000e-01
  1.3300e+00  4.0446e-16  2.0998e-19  1.6954e+00  1.0000e-02  9.5000e-01  5.0000e-01
  1.3430e+00  3.7614e-16  2.0001e-19  1.5766e+00  1.0000e-02  9.5000e-01  5.0000e-01
  1.3550e+00  3.5202e-16  2.9998e-19  1.4756e+00  1.0000e-02  9.5000e-01  5.0000e-01
  1.3680e+00  3.3151e-16  3.0001e-19  1.3896e+00  1.0000e-02  9.5000e-01  5.0000e-01
  1.3800e+00  3.1396e-16  2.0001e-19  1.3160e+00  1.0000e-02  9.5000e-01  5.0000e-01
  1.3930e+00  2.9902e-16  1.8997e-19  1.2534e+00  1.0000e-02  9.5000e-01  5.0000e-01
  1.4060e+00  2.8606e-16  1.7999e-19  1.1991e+00  1.0000e-02  9.5000e-01  5.0000e-01
  1.4190e+00  2.7479e-16  2.7997e-19  1.1518e+00  1.0000e-02  9.5000e-01  5.0000e-01
  1.4320e+00  2.6478e-16  1.7999e-19  1.1099e+00  1.0000e-02  9.5000e-01  5.0000e-01
  1.4450e+00  2.5591e-16  1.7999e-19  1.0727e+00  1.0000e-02  9.5000e-01  5.0000e-01
  1.4590e+00  2.4804e-16  2.8000e-19  1.0397e+00  1.0000e-02  9.5000e-01  5.0000e-01
  1.4720e+00  2.4085e-16  1.7002e-19  1.0096e+00  1.0000e-02  9.5000e-01  5.0000e-01
  1.4860e+00  2.3424e-16  1.6999e-19  9.8187e-01  1.0000e-02  9.5000e-01  5.0000e-01
  1.5000e+00  2.2824e-16  1.6999e-19  9.5669e-01  1.0000e-02  9.5000e-01  5.0000e-01
  1.5140e+00  2.2267e-16  1.6001e-19  9.3335e-01  1.0000e-02  9.5000e-01  5.0000e-01
  1.5280e+00  2.1750e-16  1.5997e-19  9.1170e-01  1.0000e-02  9.5000e-01  5.0000e-01
  1.5420e+00  2.1267e-16  1.6001e-19  8.9143e-01  1.0000e-02  9.5000e-01  5.0000e-01
  1.5560e+00  2.0805e-16  1.6000e-19  8.7209e-01  1.0000e-02  9.5000e-01  5.0000e-01
  1.5700e+00  2.0373e-16  5.9994e-20  8.5396e-01  1.0000e-02  9.5000e-01  5.0000e-01
  1.5850e+00  1.9964e-16  5.0001e-20  8.3684e-01  1.0000e-02  9.5000e-01  5.0000e-01
  1.6000e+00  1.9581e-16  1.6000e-19  8.2078e-01  1.0000e-02  9.5000e-01  5.0000e-01
  1.6140e+00  1.9210e-16  1.4998e-19  8.0521e-01  1.0000e-02  9.5000e-01  5.0000e-01
  1.6290e+00  1.8847e-16  1.0998e-19  7.9002e-01  1.0000e-02  9.5000e-01  5.0000e-01
  1.6440e+00  1.8503e-16  1.2000e-19  7.7560e-01  1.0000e-02  9.5000e-01  5.0000e-01
  1.6600e+00  1.8169e-16  1.1999e-19  7.6159e-01  1.0000e-02  9.5000e-01  5.0000e-01
  1.6750e+00  1.7843e-16  9.9990e-20  7.4792e-01  1.0000e-02  9.5000e-01  5.0000e-01
  1.6900e+00  1.7527e-16  1.0000e-19  7.3468e-01  1.0000e-02  9.5000e-01  5.0000e-01
  1.7060e+00  1.7218e-16  1.0000e-19  7.2173e-01  1.0000e-02  9.5000e-01  5.0000e-01
  1.7220e+00  1.6914e-16  1.0000e-19  7.0899e-01  1.0000e-02  9.5000e-01  5.0000e-01
  1.7380e+00  1.6612e-16  8.9997e-20  6.9634e-01  1.0000e-02  9.5000e-01  5.0000e-01
  1.7540e+00  1.6313e-16  8.9997e-20  6.8378e-01  1.0000e-02  9.5000e-01  5.0000e-01
  1.7700e+00  1.6011e-16  8.9997e-20  6.7114e-01  1.0000e-02  9.5000e-01  5.0000e-01
  1.7860e+00  1.5707e-16  7.9992e-20  6.5838e-01  1.0000e-02  9.5000e-01  5.0000e-01
  1.8030e+00  1.5391e-16  6.9986e-20  6.4516e-01  1.0000e-02  9.5000e-01  5.0000e-01
  1.8200e+00  1.5065e-16  8.0005e-20  6.3148e-01  1.0000e-02  9.5000e-01  5.0000e-01
  1.8370e+00  1.4723e-16  8.0998e-20  6.1714e-01  1.0000e-02  9.5000e-01  5.0000e-01
  1.8540e+00  1.4369e-16  6.9999e-20  6.0231e-01  1.0000e-02  9.5000e-01  5.0000e-01
  1.8710e+00  1.4018e-16  6.9999e-20  5.8760e-01  1.0000e-02  9.5000e-01  5.0000e-01
  1.8880e+00  1.3703e-16  6.9999e-20  5.7437e-01  1.0000e-02  9.5000e-01  5.0000e-01
  1.9050e+00  1.3460e-16  7.0013e-20  5.6421e-01  1.0000e-02  9.5000e-01  5.0000e-01
  1.9230e+00  1.3307e-16  5.9981e-20  5.5777e-01  1.0000e-02  9.5000e-01  5.0000e-01
  1.9410e+00  1.3224e-16  5.9994e-20  5.5429e-01  1.0000e-02  9.5000e-01  5.0000e-01
  1.9590e+00  1.3173e-16  5.0015e-20  5.5215e-01  1.0000e-02  9.5000e-01  5.0000e-01
  1.9770e+00  1.3123e-16  5.0001e-20  5.5006e-01  1.0000e-02  9.5000e-01  5.0000e-01
  1.9950e+00  1.3059e-16  4.9988e-20  5.4740e-01  1.0000e-02  9.5000e-01  5.0000e-01
  2.0140e+00  1.2977e-16  5.0001e-20  5.4395e-01  1.0000e-02  9.5000e-01  5.0000e-01
  2.0320e+00  1.2879e-16  3.9996e-20  5.3984e-01  1.0000e-02  9.5000e-01  5.0000e-01
  2.0510e+00  1.2770e-16  5.0001e-20  5.3527e-01  1.0000e-02  9.5000e-01  5.0000e-01
  2.0700e+00  1.2652e-16  5.0001e-20  5.3034e-01  1.0000e-02  9.5000e-01  5.0000e-01
  2.0890e+00  1.2525e-16  3.9996e-20  5.2502e-01  1.0000e-02  9.5000e-01  5.0000e-01
  2.1090e+00  1.2396e-16  4.0009e-20  5.1960e-01  1.0000e-02  9.5000e-01  5.0000e-01
  2.1280e+00  1.2263e-16  3.0003e-20  5.1404e-01  1.0000e-02  9.5000e-01  5.0000e-01
  2.1480e+00  1.2131e-16  2.9990e-20  5.0847e-01  1.0000e-02  9.5000e-01  5.0000e-01
  2.1680e+00  1.1996e-16  3.0003e-20  5.0285e-01  1.0000e-02  9.5000e-01  5.0000e-01
  2.1880e+00  1.1864e-16  5.0001e-20  4.9729e-01  1.0000e-02  9.5000e-01  5.0000e-01
  2.2080e+00  1.1730e-16  3.0003e-20  4.9167e-01  1.0000e-02  9.5000e-01  5.0000e-01
  2.2280e+00  1.1597e-16  2.9990e-20  4.8612e-01  1.0000e-02  9.5000e-01  5.0000e-01
  2.2490e+00  1.1467e-16  4.0009e-20  4.8064e-01  1.0000e-02  9.5000e-01  5.0000e-01
  2.2700e+00  1.1337e-16  3.0003e-20  4.7520e-01  1.0000e-02  9.5000e-01  5.0000e-01
  2.2910e+00  1.1208e-16  2.9990e-20  4.6981e-01  1.0000e-02  9.5000e-01  5.0000e-01
  2.3120e+00  1.1082e-16  2.9990e-20  4.6450e-01  1.0000e-02  9.5000e-01  5.0000e-01
  2.3330e+00  1.0957e-16  3.0003e-20  4.5930e-01  1.0000e-02  9.5000e-01  5.0000e-01
  2.3550e+00  1.0835e-16  3.0003e-20  4.5415e-01  1.0000e-02  9.5000e-01  5.0000e-01
  2.3770e+00  1.0714e-16  1.9998e-20  4.4910e-01  1.0000e-02  9.5000e-01  5.0000e-01
  2.3990e+00  1.0596e-16  1.9998e-20  4.4414e-01  1.0000e-02  9.5000e-01  5.0000e-01
  2.4210e+00  1.0479e-16  1.9998e-20  4.3924e-01  1.0000e-02  9.5000e-01  5.0000e-01
  2.4430e+00  1.0365e-16  2.0005e-20  4.3448e-01  1.0000e-02  9.5000e-01  5.0000e-01
  2.4660e+00  1.0254e-16  3.0003e-20  4.2983e-01  1.0000e-02  9.5000e-01  5.0000e-01
  2.4890e+00  1.0143e-16  1.9998e-20  4.2514e-01  1.0000e-02  9.5000e-01  5.0000e-01
  2.5120e+00  1.0032e-16  1.9998e-20  4.2052e-01  1.0000e-02  9.5000e-01  5.0000e-01
  2.5350e+00  9.9232e-17  1.9991e-20  4.1595e-01  1.0000e-02  9.5000e-01  5.0000e-01
  2.5590e+00  9.8165e-17  9.9990e-21  4.1148e-01  1.0000e-02  9.5000e-01  5.0000e-01
  2.5820e+00  9.7112e-17  1.9998e-20  4.0706e-01  1.0000e-02  9.5000e-01  5.0000e-01
  2.6060e+00  9.6073e-17  1.9998e-20  4.0271e-01  1.0000e-02  9.5000e-01  5.0000e-01
  2.6300e+00  9.5048e-17  2.0005e-20  3.9841e-01  1.0000e-02  9.5000e-01  5.0000e-01
  2.6550e+00  9.4046e-17  1.9998e-20  3.9421e-01  1.0000e-02  9.5000e-01  5.0000e-01
  2.6790e+00  9.3057e-17  1.9998e-20  3.9006e-01  1.0000e-02  9.5000e-01  5.0000e-01
  2.7040e+00  9.2071e-17  1.9998e-20  3.8593e-01  1.0000e-02  9.5000e-01  5.0000e-01
  2.7290e+00  9.1120e-17  2.0005e-20  3.8194e-01  1.0000e-02  9.5000e-01  5.0000e-01
  2.7540e+00  9.0161e-17  9.9990e-21  3.7793e-01  1.0000e-02  9.5000e-01  5.0000e-01
  2.7800e+00  8.9225e-17  9.9990e-21  3.7400e-01  1.0000e-02  9.5000e-01  5.0000e-01
  2.8050e+00  8.8303e-17  9.9923e-21  3.7014e-01  1.0000e-02  9.5000e-01  5.0000e-01
  2.8310e+00  8.7403e-17  1.9998e-20  3.6636e-01  1.0000e-02  9.5000e-01  5.0000e-01
  2.8580e+00  8.6517e-17  2.0005e-20  3.6265e-01  1.0000e-02  9.5000e-01  5.0000e-01
  2.8840e+00  8.5634e-17  9.9990e-21  3.5895e-01  1.0000e-02  9.5000e-01  5.0000e-01
  2.9110e+00  8.4776e-17  9.9990e-21  3.5535e-01  1.0000e-02  9.5000e-01  5.0000e-01
  2.9380e+00  8.3930e-17  2.0005e-20  3.5181e-01  1.0000e-02  9.5000e-01  5.0000e-01
  2.9650e+00  8.3099e-17  1.0006e-20  3.4832e-01  1.0000e-02  9.5000e-01  5.0000e-01
  2.9920e+00  8.2283e-17  9.9990e-21  3.4490e-01  1.0000e-02  9.5000e-01  5.0000e-01
  3.0200e+00  8.1483e-17  9.9990e-21  3.4155e-01  1.0000e-02  9.5000e-01  5.0000e-01
  3.0480e+00  8.0701e-17  0.0000e+00  3.3827e-01  1.0000e-02  9.5000e-01  5.0000e-01
  3.0760e+00  7.9950e-17  9.9990e-21  3.3512e-01  1.0000e-02  9.5000e-01  5.0000e-01
  3.1050e+00  7.9227e-17  0.0000e+00  3.3209e-01  1.0000e-02  9.5000e-01  5.0000e-01
  3.1330e+00  7.8574e-17  9.9990e-21  3.2936e-01  1.0000e-02  9.5000e-01  5.0000e-01
  3.1620e+00  7.8002e-17  9.9990e-21  3.2696e-01  1.0000e-02  9.5000e-01  5.0000e-01
  3.1920e+00  7.7561e-17  0.0000e+00  3.2511e-01  1.0000e-02  9.5000e-01  5.0000e-01
  3.2210e+00  7.7499e-17  0.0000e+00  3.2485e-01  1.0000e-02  9.5000e-01  5.0000e-01
  3.2510e+00  7.8705e-17  0.0000e+00  3.2991e-01  1.0000e-02  9.5000e-01  5.0000e-01
  3.2810e+00  8.6987e-17  1.0006e-20  3.6462e-01  1.0000e-02  9.5000e-01  5.0000e-01
  3.3110e+00  9.1892e-17  1.9998e-20  3.8518e-01  1.0000e-02  9.5000e-01  5.0000e-01
  3.3420e+00  7.7715e-17  0.0000e+00  3.2576e-01  1.0000e-02  9.5000e-01  5.0000e-01
  3.3730e+00  7.4346e-17  1.0006e-20  3.1163e-01  1.0000e-02  9.5000e-01  5.0000e-01
  3.4040e+00  7.2852e-17  0.0000e+00  3.0537e-01  1.0000e-02  9.5000e-01  5.0000e-01
  3.4360e+00  7.1835e-17  0.0000e+00  3.0111e-01  1.0000e-02  9.5000e-01  5.0000e-01
  3.4670e+00  7.1006e-17  9.9990e-21  2.9763e-01  1.0000e-02  9.5000e-01  5.0000e-01
  3.4990e+00  7.0247e-17  9.9923e-21  2.9445e-01  1.0000e-02  9.5000e-01  5.0000e-01
  3.5320e+00  6.9531e-17  1.0006e-20  2.9145e-01  1.0000e-02  9.5000e-01  5.0000e-01
  3.5650e+00  6.8853e-17  2.0005e-20  2.8861e-01  1.0000e-02  9.5000e-01  5.0000e-01
  3.5970e+00  6.8187e-17  9.9990e-21  2.8582e-01  1.0000e-02  9.5000e-01  5.0000e-01
  3.6310e+00  6.7538e-17  9.9990e-21  2.8310e-01  1.0000e-02  9.5000e-01  5.0000e-01
  3.6640e+00  6.6906e-17  0.0000e+00  2.8045e-01  1.0000e-02  9.5000e-01  5.0000e-01
  3.6980e+00  6.6288e-17  1.0006e-20  2.7786e-01  1.0000e-02  9.5000e-01  5.0000e-01
  3.7330e+00  6.5685e-17  9.9990e-21  2.7533e-01  1.0000e-02  9.5000e-01  5.0000e-01
  3.7670e+00  6.5085e-17  0.0000e+00  2.7281e-01  1.0000e-02  9.5000e-01  5.0000e-01
  3.8020e+00  6.4508e-17  9.9990e-21  2.7040e-01  1.0000e-02  9.5000e-01  5.0000e-01
  3.8370e+00  6.3933e-17  0.0000e+00  2.6799e-01  1.0000e-02  9.5000e-01  5.0000e-01
  3.8730e+00  6.3371e-17  0.0000e+00  2.6563e-01  1.0000e-02  9.5000e-01  5.0000e-01
  3.9080e+00  6.2823e-17  0.0000e+00  2.6333e-01  1.0000e-02  9.5000e-01  5.0000e-01
  3.9450e+00  6.2287e-17  0.0000e+00  2.6109e-01  1.0000e-02  9.5000e-01  5.0000e-01
  3.9810e+00  6.1764e-17  0.0000e+00  2.5889e-01  1.0000e-02  9.5000e-01  5.0000e-01
  4.0180e+00  6.1243e-17  0.0000e+00  2.5671e-01  1.0000e-02  9.5000e-01  5.0000e-01
  4.0550e+00  6.0725e-17  9.9923e-21  2.5454e-01  1.0000e-02  9.5000e-01  5.0000e-01
  4.0930e+00  6.0219e-17  1.0006e-20  2.5242e-01  1.0000e-02  9.5000e-01  5.0000e-01
  4.1300e+00  5.9715e-17  0.0000e+00  2.5031e-01  1.0000e-02  9.5000e-01  5.0000e-01
  4.1690e+00  5.9212e-17  0.0000e+00  2.4820e-01  1.0000e-02  9.5000e-01  5.0000e-01
  4.2070e+00  5.8703e-17  0.0000e+00  2.4606e-01  1.0000e-02  9.5000e-01  5.0000e-01
  4.2460e+00  5.8217e-17  0.0000e+00  2.4403e-01  1.0000e-02  9.5000e-01  5.0000e-01
  4.2850e+00  5.7734e-17  0.0000e+00  2.4200e-01  1.0000e-02  9.5000e-01  5.0000e-01
  4.3250e+00  5.7266e-17  0.0000e+00  2.4004e-01  1.0000e-02  9.5000e-01  5.0000e-01
  4.3650e+00  5.6801e-17  0.0000e+00  2.3809e-01  1.0000e-02  9.5000e-01  5.0000e-01
  4.4060e+00  5.6361e-17  0.0000e+00  2.3625e-01  1.0000e-02  9.5000e-01  5.0000e-01
  4.4460e+00  5.5927e-17  0.0000e+00  2.3443e-01  1.0000e-02  9.5000e-01  5.0000e-01
  4.4870e+00  5.5520e-17  0.0000e+00  2.3272e-01  1.0000e-02  9.5000e-01  5.0000e-01
  4.5290e+00  5.5129e-17  0.0000e+00  2.3108e-01  1.0000e-02  9.5000e-01  5.0000e-01
  4.5710e+00  5.4756e-17  0.0000e+00  2.2952e-01  1.0000e-02  9.5000e-01  5.0000e-01
  4.6130e+00  5.4412e-17  9.9990e-21  2.2808e-01  1.0000e-02  9.5000e-01  5.0000e-01
  4.6560e+00  5.4078e-17  0.0000e+00  2.2668e-01  1.0000e-02  9.5000e-01  5.0000e-01
  4.6990e+00  5.3766e-17  0.0000e+00  2.2537e-01  1.0000e-02  9.5000e-01  5.0000e-01
  4.7420e+00  5.3478e-17  0.0000e+00  2.2416e-01  1.0000e-02  9.5000e-01  5.0000e-01
  4.7860e+00  5.3239e-17  0.0000e+00  2.2316e-01  1.0000e-02  9.5000e-01  5.0000e-01
  4.8310e+00  5.3034e-17  0.0000e+00  2.2230e-01  1.0000e-02  9.5000e-01  5.0000e-01
  4.8750e+00  5.2890e-17  0.0000e+00  2.2170e-01  1.0000e-02  9.5000e-01  5.0000e-01
  4.9200e+00  5.2787e-17  0.0000e+00  2.2127e-01  1.0000e-02  9.5000e-01  5.0000e-01
  4.9660e+00  5.2787e-17  0.0000e+00  2.2127e-01  1.0000e-02  9.5000e-01  5.0000e-01
  5.0120e+00  5.2911e-17  0.0000e+00  2.2179e-01  1.0000e-02  9.5000e-01  5.0000e-01
  5.0580e+00  5.3247e-17  0.0000e+00  2.2319e-01  1.0000e-02  9.5000e-01  5.0000e-01
  5.1050e+00  5.3955e-17  0.0000e+00  2.2616e-01  1.0000e-02  9.5000e-01  5.0000e-01
  5.1520e+00  5.5379e-17  0.0000e+00  2.3213e-01  1.0000e-02  9.5000e-01  5.0000e-01
  5.2000e+00  5.8103e-17  0.0000e+00  2.4355e-01  1.0000e-02  9.5000e-01  5.0000e-01
  5.2480e+00  6.1631e-17  0.0000e+00  2.5834e-01  1.0000e-02  9.5000e-01  5.0000e-01
  5.2970e+00  6.1587e-17  0.0000e+00  2.5815e-01  1.0000e-02  9.5000e-01  5.0000e-01
  5.3460e+00  5.8434e-17  0.0000e+00  2.4494e-01  1.0000e-02  9.5000e-01  5.0000e-01
  5.3950e+00  5.6406e-17  0.0000e+00  2.3644e-01  1.0000e-02  9.5000e-01  5.0000e-01
  5.4450e+00  5.5863e-17  0.0000e+00  2.3416e-01  1.0000e-02  9.5000e-01  5.0000e-01
  5.4950e+00  5.6442e-17  0.0000e+00  2.3659e-01  1.0000e-02  9.5000e-01  5.0000e-01
  5.5460e+00  5.8264e-17  0.0000e+00  2.4422e-01  1.0000e-02  9.5000e-01  5.0000e-01
  5.5980e+00  6.1927e-17  0.0000e+00  2.5958e-01  1.0000e-02  9.5000e-01  5.0000e-01
  5.6490e+00  6.8012e-17  0.0000e+00  2.8508e-01  1.0000e-02  9.5000e-01  5.0000e-01
  5.7020e+00  7.2550e-17  0.0000e+00  3.0411e-01  1.0000e-02  9.5000e-01  5.0000e-01
  5.7540e+00  6.9789e-17  0.0000e+00  2.9253e-01  1.0000e-02  9.5000e-01  5.0000e-01
  5.8080e+00  6.6179e-17  0.0000e+00  2.7740e-01  1.0000e-02  9.5000e-01  5.0000e-01
  5.8610e+00  6.5560e-17  0.0000e+00  2.7481e-01  1.0000e-02  9.5000e-01  5.0000e-01
  5.9160e+00  6.7802e-17  0.0000e+00  2.8420e-01  1.0000e-02  9.5000e-01  5.0000e-01
  5.9700e+00  7.3256e-17  0.0000e+00  3.0706e-01  1.0000e-02  9.5000e-01  5.0000e-01
  6.0260e+00  8.3881e-17  0.0000e+00  3.5160e-01  1.0000e-02  9.5000e-01  5.0000e-01
  6.0810e+00  1.0483e-16  0.0000e+00  4.3940e-01  1.0000e-02  9.5000e-01  5.0000e-01
  6.1380e+00  1.4721e-16  0.0000e+00  6.1706e-01  1.0000e-02  9.5000e-01  5.0000e-01
  6.1940e+00  2.0968e-16  0.0000e+00  8.7890e-01  1.0000e-02  9.5000e-01  5.0000e-01
  6.2520e+00  2.0536e-16  0.0000e+00  8.6080e-01  1.0000e-02  9.5000e-01  5.0000e-01
  6.3100e+00  1.4480e-16  0.0000e+00  6.0695e-01  1.0000e-02  9.5000e-01  5.0000e-01
  6.3680e+00  1.0800e-16  0.0000e+00  4.5269e-01  1.0000e-02  9.5000e-01  5.0000e-01
  6.4270e+00  9.1424e-17  0.0000e+00  3.8322e-01  1.0000e-02  9.5000e-01  5.0000e-01
  6.4860e+00  8.4818e-17  0.0000e+00  3.5553e-01  1.0000e-02  9.5000e-01  5.0000e-01
  6.5460e+00  8.3290e-17  0.0000e+00  3.4912e-01  1.0000e-02  9.5000e-01  5.0000e-01
  6.6070e+00  8.4252e-17  0.0000e+00  3.5316e-01  1.0000e-02  9.5000e-01  5.0000e-01
  6.6680e+00  8.5562e-17  0.0000e+00  3.5865e-01  1.0000e-02  9.5000e-01  5.0000e-01
  6.7300e+00  8.5521e-17  0.0000e+00  3.5848e-01  1.0000e-02  9.5000e-01  5.0000e-01
  6.7920e+00  8.4258e-17  0.0000e+00  3.5318e-01  1.0000e-02  9.5000e-01  5.0000e-01
  6.8550e+00  8.3068e-17  0.0000e+00  3.4819e-01  1.0000e-02  9.5000e-01  5.0000e-01
  6.9180e+00  8.3040e-17  0.0000e+00  3.4808e-01  1.0000e-02  9.5000e-01  5.0000e-01
  6.9820e+00  8.4587e-17  0.0000e+00  3.5456e-01  1.0000e-02  9.5000e-01  5.0000e-01
  7.0470e+00  8.7887e-17  0.0000e+00  3.6839e-01  1.0000e-02  9.5000e-01  5.0000e-01
  7.1120e+00  9.2881e-17  0.0000e+00  3.8933e-01  1.0000e-02  9.5000e-01  5.0000e-01
  7.1780e+00  9.9852e-17  0.0000e+00  4.1855e-01  1.0000e-02  9.5000e-01  5.0000e-01
  7.2440e+00  1.0920e-16  0.0000e+00  4.5773e-01  1.0000e-02  9.5000e-01  5.0000e-01
  7.3110e+00  1.2147e-16  0.0000e+00  5.0917e-01  1.0000e-02  9.5000e-01  5.0000e-01
  7.3790e+00  1.3836e-16  0.0000e+00  5.7997e-01  1.0000e-02  9.5000e-01  5.0000e-01
  7.4470e+00  1.6291e-16  0.0000e+00  6.8285e-01  1.0000e-02  9.5000e-01  5.0000e-01
  7.5160e+00  1.9603e-16  0.0000e+00  8.2170e-01  1.0000e-02  9.5000e-01  5.0000e-01
  7.5860e+00  2.2619e-16  0.0000e+00  9.4813e-01  1.0000e-02  9.5000e-01  5.0000e-01
  7.6560e+00  2.3436e-16  0.0000e+00  9.8236e-01  1.0000e-02  9.5000e-01  5.0000e-01
  7.7270e+00  2.3390e-16  0.0000e+00  9.8044e-01  1.0000e-02  9.5000e-01  5.0000e-01
  7.7980e+00  2.3949e-16  0.0000e+00  1.0039e+00  1.0000e-02  9.5000e-01  5.0000e-01
  7.8700e+00  2.3953e-16  0.0000e+00  1.0040e+00  1.0000e-02  9.5000e-01  5.0000e-01
  7.9430e+00  2.2664e-16  0.0000e+00  9.5000e-01  1.0000e-02  9.5000e-01  5.0000e-01
  8.0170e+00  2.1287e-16  0.0000e+00  8.9228e-01  1.0000e-02  9.5000e-01  5.0000e-01
  8.0910e+00  2.0789e-16  0.0000e+00  8.7141e-01  1.0000e-02  9.5000e-01  5.0000e-01
  8.1660e+00  2.1219e-16  0.0000e+00  8.8943e-01  1.0000e-02  9.5000e-01  5.0000e-01
  8.2410e+00  2.2387e-16  0.0000e+00  9.3839e-01  1.0000e-02  9.5000e-01  5.0000e-01
  8.3180e+00  2.3844e-16  0.0000e+00  9.9946e-01  1.0000e-02  9.5000e-01  5.0000e-01
  8.3950e+00  2.5397e-16  0.0000e+00  1.0646e+00  1.0000e-02  9.5000e-01  5.0000e-01
  8.4720e+00  2.7186e-16  0.0000e+00  1.1395e+00  1.0000e-02  9.5000e-01  5.0000e-01
  8.5510e+00  2.9315e-16  0.0000e+00  1.2288e+00  1.0000e-02  9.5000e-01  5.0000e-01
  8.6300e+00  3.0832e-16  0.0000e+00  1.2924e+00  1.0000e-02  9.5000e-01  5.0000e-01
  8.7100e+00  3.1235e-16  0.0000e+00  1.3093e+00  1.0000e-02  9.5000e-01  5.0000e-01
  8.7900e+00  3.1838e-16  0.0000e+00  1.3345e+00  1.0000e-02  9.5000e-01  5.0000e-01
  8.8720e+00  3.3138e-16  0.0000e+00  1.3890e+00  1.0000e-02  9.5000e-01  5.0000e-01
  8.9540e+00  3.4951e-16  0.0000e+00  1.4650e+00  1.0000e-02  9.5000e-01  5.0000e-01
  9.0360e+00  3.7034e-16  0.0000e+00  1.5523e+00  1.0000e-02  9.5000e-01  5.0000e-01
  9.1200e+00  3.9122e-16  0.0000e+00  1.6399e+00  1.0000e-02  9.5000e-01  5.0000e-01
  9.2040e+00  4.0960e-16  0.0000e+00  1.7169e+00  1.0000e-02  9.5000e-01  5.0000e-01
  9.2900e+00  4.2387e-16  0.0000e+00  1.7767e+00  1.0000e-02  9.5000e-01  5.0000e-01
  9.3760e+00  4.3251e-16  0.0000e+00  1.8129e+00  1.0000e-02  9.5000e-01  5.0000e-01
  9.4620e+00  4.3533e-16  0.0000e+00  1.8248e+00  1.0000e-02  9.5000e-01  5.0000e-01
  9.5500e+00  4.3286e-16  0.0000e+00  1.8144e+00  1.0000e-02  9.5000e-01  5.0000e-01
  9.6380e+00  4.2631e-16  0.0000e+00  1.7869e+00  1.0000e-02  9.5000e-01  5.0000e-01
  9.7270e+00  4.1700e-16  0.0000e+00  1.7479e+00  1.0000e-02  9.5000e-01  5.0000e-01
  9.8170e+00  4.0755e-16  1.0059e-21  1.7083e+00  1.0000e-02  9.5000e-01  5.0000e-01
  9.9080e+00  3.9840e-16  0.0000e+00  1.6700e+00  1.0000e-02  9.5000e-01  5.0000e-01
  1.0000e+01  3.8997e-16  0.0000e+00  1.6346e+00  1.0000e-02  9.5000e-01  5.0000e-01
  1.0090e+01  3.8241e-16  1.0059e-21  1.6030e+00  1.0000e-02  9.5000e-01  5.0000e-01
  1.0190e+01  3.7491e-16  0.0000e+00  1.5715e+00  1.0000e-02  9.5000e-01  5.0000e-01
  1.0280e+01  3.6632e-16  0.0000e+00  1.5355e+00  1.0000e-02  9.5000e-01  5.0000e-01
  1.0380e+01  3.5563e-16  0.0000e+00  1.4907e+00  1.0000e-02  9.5000e-01  5.0000e-01
  1.0470e+01  3.4241e-16  0.0000e+00  1.4353e+00  1.0000e-02  9.5000e-01  5.0000e-01
  1.0570e+01  3.2758e-16  0.0000e+00  1.3731e+00  1.0000e-02  9.5000e-01  5.0000e-01
  1.0670e+01  3.1259e-16  0.0000e+00  1.3103e+00  1.0000e-02  9.5000e-01  5.0000e-01
  1.0760e+01  2.9891e-16  0.0000e+00  1.2529e+00  1.0000e-02  9.5000e-01  5.0000e-01
  1.0860e+01  2.8685e-16  0.0000e+00  1.2024e+00  1.0000e-02  9.5000e-01  5.0000e-01
  1.0960e+01  2.7715e-16  0.0000e+00  1.1617e+00  1.0000e-02  9.5000e-01  5.0000e-01
  1.1070e+01  2.7003e-16  0.0000e+00  1.1319e+00  1.0000e-02  9.5000e-01  5.0000e-01
  1.1170e+01  2.6973e-16  0.0000e+00  1.1306e+00  1.0000e-02  9.5000e-01  5.0000e-01
  1.1270e+01  2.6825e-16  0.0000e+00  1.1244e+00  1.0000e-02  9.5000e-01  5.0000e-01
  1.1380e+01  2.5088e-16  0.0000e+00  1.0516e+00  1.0000e-02  9.5000e-01  5.0000e-01
  1.1480e+01  2.3518e-16  1.0059e-21  9.8578e-01  1.0000e-02  9.5000e-01  5.0000e-01
  1.1590e+01  2.2222e-16  0.0000e+00  9.3146e-01  1.0000e-02  9.5000e-01  5.0000e-01
  1.1690e+01  2.1259e-16  0.0000e+00  8.9111e-01  1.0000e-02  9.5000e-01  5.0000e-01
  1.1800e+01  2.0406e-16  0.0000e+00  8.5535e-01  1.0000e-02  9.5000e-01  5.0000e-01
  1.1910e+01  1.9631e-16  0.0000e+00  8.2285e-01  1.0000e-02  9.5000e-01  5.0000e-01
  1.2020e+01  1.8820e-16  0.0000e+00  7.8889e-01  1.0000e-02  9.5000e-01  5.0000e-01
  1.2130e+01  1.7930e-16  0.0000e+00  7.5158e-01  1.0000e-02  9.5000e-01  5.0000e-01
  1.2250e+01  1.7155e-16  0.0000e+00  7.1908e-01  1.0000e-02  9.5000e-01  5.0000e-01
  1.2360e+01  1.6554e-16  0.0000e+00  6.9391e-01  1.0000e-02  9.5000e-01  5.0000e-01
  1.2470e+01  1.6070e-16  0.0000e+00  6.7361e-01  1.0000e-02  9.5000e-01  5.0000e-01
  1.2590e+01  1.5578e-16  0.0000e+00  6.5299e-01  1.0000e-02  9.5000e-01  5.0000e-01
  1.2710e+01  1.4853e-16  0.0000e+00  6.2258e-01  1.0000e-02  9.5000e-01  5.0000e-01
  1.2820e+01  1.3990e-16  0.0000e+00  5.8643e-01  1.0000e-02  9.5000e-01  5.0000e-01
  1.2940e+01  1.3219e-16  0.0000e+00  5.5411e-01  1.0000e-02  9.5000e-01  5.0000e-01
  1.3060e+01  1.2606e-16  0.0000e+00  5.2839e-01  1.0000e-02  9.5000e-01  5.0000e-01
  1.3180e+01  1.2097e-16  0.0000e+00  5.0706e-01  1.0000e-02  9.5000e-01  5.0000e-01
  1.3300e+01  1.1648e-16  0.0000e+00  4.8825e-01  1.0000e-02  9.5000e-01  5.0000e-01
  1.3430e+01  1.1250e-16  0.0000e+00  4.7156e-01  1.0000e-02  9.5000e-01  5.0000e-01
  1.3550e+01  1.0812e-16  0.0000e+00  4.5321e-01  1.0000e-02  9.5000e-01  5.0000e-01
  1.3680e+01  1.0369e-16  0.0000e+00  4.3463e-01  1.0000e-02  9.5000e-01  5.0000e-01
  1.3800e+01  1.0006e-16  0.0000e+00  4.1944e-01  1.0000e-02  9.5000e-01  5.0000e-01
  1.3930e+01  9.7713e-17  0.0000e+00  4.0958e-01  1.0000e-02  9.5000e-01  5.0000e-01
  1.4060e+01  9.6514e-17  0.0000e+00  4.0455e-01  1.0000e-02  9.5000e-01  5.0000e-01
  1.4190e+01  9.6352e-17  0.0000e+00  4.0388e-01  1.0000e-02  9.5000e-01  5.0000e-01
  1.4320e+01  9.6382e-17  0.0000e+00  4.0400e-01  1.0000e-02  9.5000e-01  5.0000e-01
  1.4450e+01  9.7148e-17  0.0000e+00  4.0721e-01  1.0000e-02  9.5000e-01  5.0000e-01
  1.4590e+01  9.8603e-17  0.0000e+00  4.1331e-01  1.0000e-02  9.5000e-01  5.0000e-01
  1.4720e+01  1.0061e-16  0.0000e+00  4.2174e-01  1.0000e-02  9.5000e-01  5.0000e-01
  1.4860e+01  1.0278e-16  0.0000e+00  4.3081e-01  1.0000e-02  9.5000e-01  5.0000e-01
  1.5000e+01  1.0505e-16  0.0000e+00  4.4032e-01  1.0000e-02  9.5000e-01  5.0000e-01
  1.5140e+01  1.0738e-16  0.0000e+00  4.5011e-01  1.0000e-02  9.5000e-01  5.0000e-01
  1.5280e+01  1.0996e-16  1.0059e-21  4.6092e-01  1.0000e-02  9.5000e-01  5.0000e-01
  1.5420e+01  1.1269e-16  0.0000e+00  4.7234e-01  1.0000e-02  9.5000e-01  5.0000e-01
  1.5560e+01  1.1553e-16  0.0000e+00  4.8426e-01  1.0000e-02  9.5000e-01  5.0000e-01
  1.5700e+01  1.1852e-16  0.0000e+00  4.9679e-01  1.0000e-02  9.5000e-01  5.0000e-01
  1.5850e+01  1.2163e-16  0.0000e+00  5.0982e-01  1.0000e-02  9.5000e-01  5.0000e-01
  1.6000e+01  1.2483e-16  0.0000e+00  5.2324e-01  1.0000e-02  9.5000e-01  5.0000e-01
  1.6140e+01  1.2807e-16  0.0000e+00  5.3681e-01  1.0000e-02  9.5000e-01  5.0000e-01
  1.6290e+01  1.3181e-16  0.0000e+00  5.5251e-01  1.0000e-02  9.5000e-01  5.0000e-01
  1.6440e+01  1.3635e-16  0.0000e+00  5.7154e-01  1.0000e-02  9.5000e-01  5.0000e-01
  1.6600e+01  1.3844e-16  0.0000e+00  5.8028e-01  1.0000e-02  9.5000e-01  5.0000e-01
  1.6750e+01  1.4123e-16  0.0000e+00  5.9197e-01  1.0000e-02  9.5000e-01  5.0000e-01
  1.6900e+01  1.4412e-16  0.0000e+00  6.0410e-01  1.0000e-02  9.5000e-01  5.0000e-01
  1.7060e+01  1.4669e-16  0.0000e+00  6.1486e-01  1.0000e-02  9.5000e-01  5.0000e-01
  1.7220e+01  1.4895e-16  0.0000e+00  6.2434e-01  1.0000e-02  9.5000e-01  5.0000e-01
  1.7380e+01  1.5122e-16  0.0000e+00  6.3385e-01  1.0000e-02  9.5000e-01  5.0000e-01
  1.7540e+01  1.5240e-16  0.0000e+00  6.3883e-01  1.0000e-02  9.5000e-01  5.0000e-01
  1.7700e+01  1.5367e-16  0.0000e+00  6.4412e-01  1.0000e-02  9.5000e-01  5.0000e-01
  1.7860e+01  1.5470e-16  0.0000e+00  6.4844e-01  1.0000e-02  9.5000e-01  5.0000e-01
  1.8030e+01  1.5519e-16  0.0000e+00  6.5049e-01  1.0000e-02  9.5000e-01  5.0000e-01
  1.8200e+01  1.5534e-16  0.0000e+00  6.5113e-01  1.0000e-02  9.5000e-01  5.0000e-01
  1.8370e+01  1.5525e-16  0.0000e+00  6.5075e-01  1.0000e-02  9.5000e-01  5.0000e-01
  1.8540e+01  1.5485e-16  0.0000e+00  6.4908e-01  1.0000e-02  9.5000e-01  5.0000e-01
  1.8710e+01  1.5408e-16  0.0000e+00  6.4587e-01  1.0000e-02  9.5000e-01  5.0000e-01
  1.8880e+01  1.5308e-16  0.0000e+00  6.4166e-01  1.0000e-02  9.5000e-01  5.0000e-01
  1.9050e+01  1.5126e-16  0.0000e+00  6.3402e-01  1.0000e-02  9.5000e-01  5.0000e-01
  1.9230e+01  1.4917e-16  0.0000e+00  6.2527e-01  1.0000e-02  9.5000e-01  5.0000e-01
  1.9410e+01  1.4685e-16  0.0000e+00  6.1553e-01  1.0000e-02  9.5000e-01  5.0000e-01
  1.9590e+01  1.4432e-16  0.0000e+00  6.0493e-01  1.0000e-02  9.5000e-01  5.0000e-01
  1.9770e+01  1.4158e-16  0.0000e+00  5.9346e-01  1.0000e-02  9.5000e-01  5.0000e-01
  1.9950e+01  1.3863e-16  0.0000e+00  5.8109e-01  1.0000e-02  9.5000e-01  5.0000e-01
  2.0140e+01  1.3558e-16  0.0000e+00  5.6832e-01  1.0000e-02  9.5000e-01  5.0000e-01
  2.0320e+01  1.3253e-16  0.0000e+00  5.5550e-01  1.0000e-02  9.5000e-01  5.0000e-01
  2.0510e+01  1.3006e-16  0.0000e+00  5.4515e-01  1.0000e-02  9.5000e-01  5.0000e-01
  2.0700e+01  1.2771e-16  0.0000e+00  5.3532e-01  1.0000e-02  9.5000e-01  5.0000e-01
  2.0890e+01  1.2535e-16  0.0000e+00  5.2544e-01  1.0000e-02  9.5000e-01  5.0000e-01
  2.1090e+01  1.2301e-16  0.0000e+00  5.1563e-01  1.0000e-02  9.5000e-01  5.0000e-01
  2.1280e+01  1.2059e-16  0.0000e+00  5.0547e-01  1.0000e-02  9.5000e-01  5.0000e-01
  2.1480e+01  1.1839e-16  0.0000e+00  4.9625e-01  1.0000e-02  9.5000e-01  5.0000e-01
  2.1680e+01  1.1634e-16  0.0000e+00  4.8766e-01  1.0000e-02  9.5000e-01  5.0000e-01
  2.1880e+01  1.1438e-16  0.0000e+00  4.7943e-01  1.0000e-02  9.5000e-01  5.0000e-01
  2.2080e+01  1.1238e-16  0.0000e+00  4.7105e-01  1.0000e-02  9.5000e-01  5.0000e-01
  2.2280e+01  1.1019e-16  0.0000e+00  4.6187e-01  1.0000e-02  9.5000e-01  5.0000e-01
  2.2490e+01  1.0797e-16  0.0000e+00  4.5259e-01  1.0000e-02  9.5000e-01  5.0000e-01
  2.2700e+01  1.0592e-16  0.0000e+00  4.4397e-01  1.0000e-02  9.5000e-01  5.0000e-01
  2.2910e+01  1.0403e-16  0.0000e+00  4.3605e-01  1.0000e-02  9.5000e-01  5.0000e-01
  2.3120e+01  1.0234e-16  0.0000e+00  4.2899e-01  1.0000e-02  9.5000e-01  5.0000e-01
  2.3330e+01  1.0074e-16  0.0000e+00  4.2226e-01  1.0000e-02  9.5000e-01  5.0000e-01
  2.3550e+01  9.9088e-17  0.0000e+00  4.1534e-01  1.0000e-02  9.5000e-01  5.0000e-01
  2.3770e+01  9.7405e-17  0.0000e+00  4.0829e-01  1.0000e-02  9.5000e-01  5.0000e-01
  2.3990e+01  9.5818e-17  0.0000e+00  4.0164e-01  1.0000e-02  9.5000e-01  5.0000e-01
  2.4210e+01  9.4328e-17  0.0000e+00  3.9539e-01  1.0000e-02  9.5000e-01  5.0000e-01
  2.4430e+01  9.2893e-17  0.0000e+00  3.8938e-01  1.0000e-02  9.5000e-01  5.0000e-01
  2.4660e+01  9.1494e-17  0.0000e+00  3.8351e-01  1.0000e-02  9.5000e-01  5.0000e-01
  2.4890e+01  9.0068e-17  0.0000e+00  3.7754e-01  1.0000e-02  9.5000e-01  5.0000e-01
  2.5120e+01  8.8624e-17  0.0000e+00  3.7148e-01  1.0000e-02  9.5000e-01  5.0000e-01
  2.5350e+01  8.7233e-17  0.0000e+00  3.6565e-01  1.0000e-02  9.5000e-01  5.0000e-01
  2.5590e+01  8.5889e-17  0.0000e+00  3.6002e-01  1.0000e-02  9.5000e-01  5.0000e-01
  2.5820e+01  8.4575e-17  0.0000e+00  3.5451e-01  1.0000e-02  9.5000e-01  5.0000e-01
  2.6060e+01  8.3308e-17  0.0000e+00  3.4920e-01  1.0000e-02  9.5000e-01  5.0000e-01
  2.6300e+01  8.2067e-17  0.0000e+00  3.4400e-01  1.0000e-02  9.5000e-01  5.0000e-01
  2.6550e+01  8.0863e-17  0.0000e+00  3.3895e-01  1.0000e-02  9.5000e-01  5.0000e-01
  2.6790e+01  7.9698e-17  0.0000e+00  3.3407e-01  1.0000e-02  9.5000e-01  5.0000e-01
  2.7040e+01  7.8545e-17  0.0000e+00  3.2923e-01  1.0000e-02  9.5000e-01  5.0000e-01
  2.7290e+01  7.7437e-17  0.0000e+00  3.2459e-01  1.0000e-02  9.5000e-01  5.0000e-01
  2.7540e+01  7.6353e-17  0.0000e+00  3.2005e-01  1.0000e-02  9.5000e-01  5.0000e-01
  2.7800e+01  7.5293e-17  0.0000e+00  3.1560e-01  1.0000e-02  9.5000e-01  5.0000e-01
  2.8050e+01  7.4266e-17  0.0000e+00  3.1130e-01  1.0000e-02  9.5000e-01  5.0000e-01
  2.8310e+01  7.3253e-17  0.0000e+00  3.0705e-01  1.0000e-02  9.5000e-01  5.0000e-01
  2.8580e+01  7.2254e-17  0.0000e+00  3.0287e-01  1.0000e-02  9.5000e-01  5.0000e-01
  2.8840e+01  7.1268e-17  0.0000e+00  2.9873e-01  1.0000e-02  9.5000e-01  5.0000e-01
  2.9110e+01  7.0306e-17  0.0000e+00  2.9470e-01  1.0000e-02  9.5000e-01  5.0000e-01
  2.9380e+01  6.9346e-17  0.0000e+00  2.9068e-01  1.0000e-02  9.5000e-01  5.0000e-01
  2.9650e+01  6.8411e-17  0.0000e+00  2.8676e-01  1.0000e-02  9.5000e-01  5.0000e-01
  2.9920e+01  6.7468e-17  0.0000e+00  2.8280e-01  1.0000e-02  9.5000e-01  5.0000e-01
  3.0200e+01  6.6535e-17  0.0000e+00  2.7889e-01  1.0000e-02  9.5000e-01  5.0000e-01
  3.0480e+01  6.5586e-17  0.0000e+00  2.7491e-01  1.0000e-02  9.5000e-01  5.0000e-01
  3.0760e+01  6.4650e-17  0.0000e+00  2.7099e-01  1.0000e-02  9.5000e-01  5.0000e-01
  3.1050e+01  6.3728e-17  0.0000e+00  2.6713e-01  1.0000e-02  9.5000e-01  5.0000e-01
  3.1330e+01  6.2797e-17  0.0000e+00  2.6323e-01  1.0000e-02  9.5000e-01  5.0000e-01
  3.1620e+01  6.1872e-17  0.0000e+00  2.5934e-01  1.0000e-02  9.5000e-01  5.0000e-01
  3.1920e+01  6.0957e-17  0.0000e+00  2.5551e-01  1.0000e-02  9.5000e-01  5.0000e-01
  3.2210e+01  6.0025e-17  0.0000e+00  2.5161e-01  1.0000e-02  9.5000e-01  5.0000e-01
  3.2510e+01  5.9107e-17  0.0000e+00  2.4776e-01  1.0000e-02  9.5000e-01  5.0000e-01
  3.2810e+01  5.8182e-17  0.0000e+00  2.4388e-01  1.0000e-02  9.5000e-01  5.0000e-01
  3.3110e+01  5.7259e-17  0.0000e+00  2.4001e-01  1.0000e-02  9.5000e-01  5.0000e-01
  3.3420e+01  5.6328e-17  0.0000e+00  2.3611e-01  1.0000e-02  9.5000e-01  5.0000e-01
  3.3730e+01  5.5411e-17  0.0000e+00  2.3227e-01  1.0000e-02  9.5000e-01  5.0000e-01
  3.4040e+01  5.4519e-17  0.0000e+00  2.2852e-01  1.0000e-02  9.5000e-01  5.0000e-01
  3.4360e+01  5.3617e-17  0.0000e+00  2.2474e-01  1.0000e-02  9.5000e-01  5.0000e-01
  3.4670e+01  5.2707e-17  0.0000e+00  2.2093e-01  1.0000e-02  9.5000e-01  5.0000e-01
  3.4990e+01  5.1810e-17  0.0000e+00  2.1717e-01  1.0000e-02  9.5000e-01  5.0000e-01
  3.5320e+01  5.0905e-17  0.0000e+00  2.1338e-01  1.0000e-02  9.5000e-01  5.0000e-01
  3.5650e+01  5.0002e-17  0.0000e+00  2.0959e-01  1.0000e-02  9.5000e-01  5.0000e-01
  3.5970e+01  4.9120e-17  0.0000e+00  2.0590e-01  1.0000e-02  9.5000e-01  5.0000e-01
  3.6310e+01  4.8221e-17  0.0000e+00  2.0213e-01  1.0000e-02  9.5000e-01  5.0000e-01
  3.6640e+01  4.7343e-17  0.0000e+00  1.9844e-01  1.0000e-02  9.5000e-01  5.0000e-01
  3.6980e+01  4.6467e-17  0.0000e+00  1.9477e-01  1.0000e-02  9.5000e-01  5.0000e-01
  3.7330e+01  4.5603e-17  0.0000e+00  1.9115e-01  1.0000e-02  9.5000e-01  5.0000e-01
  3.7670e+01  4.4739e-17  0.0000e+00  1.8753e-01  1.0000e-02  9.5000e-01  5.0000e-01
  3.8020e+01  4.3856e-17  0.0000e+00  1.8383e-01  1.0000e-02  9.5000e-01  5.0000e-01
  3.8370e+01  4.2987e-17  0.0000e+00  1.8019e-01  1.0000e-02  9.5000e-01  5.0000e-01
  3.8730e+01  4.2129e-17  0.0000e+00  1.7659e-01  1.0000e-02  9.5000e-01  5.0000e-01
  3.9080e+01  4.1272e-17  0.0000e+00  1.7300e-01  1.0000e-02  9.5000e-01  5.0000e-01
  3.9450e+01  4.0438e-17  0.0000e+00  1.6950e-01  1.0000e-02  9.5000e-01  5.0000e-01
  3.9810e+01  3.9609e-17  0.0000e+00  1.6603e-01  1.0000e-02  9.5000e-01  5.0000e-01
  4.0180e+01  3.8793e-17  0.0000e+00  1.6261e-01  1.0000e-02  9.5000e-01  5.0000e-01
  4.0550e+01  3.7981e-17  0.0000e+00  1.5920e-01  1.0000e-02  9.5000e-01  5.0000e-01
  4.0930e+01  3.7196e-17  0.0000e+00  1.5591e-01  1.0000e-02  9.5000e-01  5.0000e-01
  4.1300e+01  3.6414e-17  0.0000e+00  1.5264e-01  1.0000e-02  9.5000e-01  5.0000e-01
  4.1690e+01  3.5649e-17  0.0000e+00  1.4943e-01  1.0000e-02  9.5000e-01  5.0000e-01
  4.2070e+01  3.4900e-17  0.0000e+00  1.4629e-01  1.0000e-02  9.5000e-01  5.0000e-01
  4.2460e+01  3.4167e-17  0.0000e+00  1.4322e-01  1.0000e-02  9.5000e-01  5.0000e-01
  4.2850e+01  3.3451e-17  0.0000e+00  1.4021e-01  1.0000e-02  9.5000e-01  5.0000e-01
  4.3250e+01  3.2740e-17  0.0000e+00  1.3723e-01  1.0000e-02  9.5000e-01  5.0000e-01
  4.3650e+01  3.2047e-17  0.0000e+00  1.3433e-01  1.0000e-02  9.5000e-01  5.0000e-01
  4.4060e+01  3.1370e-17  0.0000e+00  1.3149e-01  1.0000e-02  9.5000e-01  5.0000e-01
  4.4460e+01  3.0698e-17  0.0000e+00  1.2868e-01  1.0000e-02  9.5000e-01  5.0000e-01
  4.4870e+01  3.0045e-17  0.0000e+00  1.2594e-01  1.0000e-02  9.5000e-01  5.0000e-01
  4.5290e+01  2.9408e-17  0.0000e+00  1.2327e-01  1.0000e-02  9.5000e-01  5.0000e-01
  4.5710e+01  2.8786e-17  0.0000e+00  1.2066e-01  1.0000e-02  9.5000e-01  5.0000e-01
  4.6130e+01  2.8183e-17  0.0000e+00  1.1814e-01  1.0000e-02  9.5000e-01  5.0000e-01
  4.6560e+01  2.7584e-17  0.0000e+00  1.1563e-01  1.0000e-02  9.5000e-01  5.0000e-01
  4.6990e+01  2.7003e-17  0.0000e+00  1.1319e-01  1.0000e-02  9.5000e-01  5.0000e-01
  4.7420e+01  2.6425e-17  0.0000e+00  1.1076e-01  1.0000e-02  9.5000e-01  5.0000e-01
  4.7860e+01  2.5865e-17  0.0000e+00  1.0842e-01  1.0000e-02  9.5000e-01  5.0000e-01
  4.8310e+01  2.5321e-17  0.0000e+00  1.0614e-01  1.0000e-02  9.5000e-01  5.0000e-01
  4.8750e+01  2.4791e-17  0.0000e+00  1.0392e-01  1.0000e-02  9.5000e-01  5.0000e-01
  4.9200e+01  2.4268e-17  0.0000e+00  1.0172e-01  1.0000e-02  9.5000e-01  5.0000e-01
  4.9660e+01  2.3759e-17  0.0000e+00  9.9589e-02  1.0000e-02  9.5000e-01  5.0000e-01
  5.0120e+01  2.3256e-17  0.0000e+00  9.7481e-02  1.0000e-02  9.5000e-01  5.0000e-01
  5.0580e+01  2.2768e-17  0.0000e+00  9.5435e-02  1.0000e-02  9.5000e-01  5.0000e-01
  5.1050e+01  2.2295e-17  0.0000e+00  9.3452e-02  1.0000e-02  9.5000e-01  5.0000e-01
  5.1520e+01  2.1826e-17  0.0000e+00  9.1487e-02  1.0000e-02  9.5000e-01  5.0000e-01
  5.2000e+01  2.1373e-17  0.0000e+00  8.9590e-02  1.0000e-02  9.5000e-01  5.0000e-01
  5.2480e+01  2.0924e-17  0.0000e+00  8.7705e-02  1.0000e-02  9.5000e-01  5.0000e-01
  5.2970e+01  2.0488e-17  0.0000e+00  8.5879e-02  1.0000e-02  9.5000e-01  5.0000e-01
  5.3460e+01  2.0068e-17  0.0000e+00  8.4117e-02  1.0000e-02  9.5000e-01  5.0000e-01
  5.3950e+01  1.9650e-17  0.0000e+00  8.2367e-02  1.0000e-02  9.5000e-01  5.0000e-01
  5.4450e+01  1.9237e-17  0.0000e+00  8.0635e-02  1.0000e-02  9.5000e-01  5.0000e-01
  5.4950e+01  1.8838e-17  0.0000e+00  7.8961e-02  1.0000e-02  9.5000e-01  5.0000e-01
  5.5460e+01  1.8442e-17  0.0000e+00  7.7301e-02  1.0000e-02  9.5000e-01  5.0000e-01
  5.5980e+01  1.8060e-17  0.0000e+00  7.5699e-02  1.0000e-02  9.5000e-01  5.0000e-01
  5.6490e+01  1.7691e-17  0.0000e+00  7.4153e-02  1.0000e-02  9.5000e-01  5.0000e-01
  5.7020e+01  1.7315e-17  0.0000e+00  7.2578e-02  1.0000e-02  9.5000e-01  5.0000e-01
  5.7540e+01  1.6962e-17  0.0000e+00  7.1099e-02  1.0000e-02  9.5000e-01  5.0000e-01
  5.8080e+01  1.6613e-17  0.0000e+00  6.9637e-02  1.0000e-02  9.5000e-01  5.0000e-01
  5.8610e+01  1.6267e-17  0.0000e+00  6.8188e-02  1.0000e-02  9.5000e-01  5.0000e-01
  5.9160e+01  1.5934e-17  0.0000e+00  6.6790e-02  1.0000e-02  9.5000e-01  5.0000e-01
  5.9700e+01  1.5603e-17  0.0000e+00  6.5404e-02  1.0000e-02  9.5000e-01  5.0000e-01
  6.0260e+01  1.5286e-17  0.0000e+00  6.4074e-02  1.0000e-02  9.5000e-01  5.0000e-01
  6.0810e+01  1.4971e-17  0.0000e+00  6.2752e-02  1.0000e-02  9.5000e-01  5.0000e-01
  6.1380e+01  1.4668e-17  0.0000e+00  6.1485e-02  1.0000e-02  9.5000e-01  5.0000e-01
  6.1940e+01  1.4368e-17  0.0000e+00  6.0226e-02  1.0000e-02  9.5000e-01  5.0000e-01
  6.2520e+01  1.4070e-17  0.0000e+00  5.8977e-02  1.0000e-02  9.5000e-01  5.0000e-01
  6.3100e+01  1.3785e-17  0.0000e+00  5.7782e-02  1.0000e-02  9.5000e-01  5.0000e-01
  6.3680e+01  1.3501e-17  0.0000e+00  5.6591e-02  1.0000e-02  9.5000e-01  5.0000e-01
  6.4270e+01  1.3228e-17  0.0000e+00  5.5447e-02  1.0000e-02  9.5000e-01  5.0000e-01
  6.4860e+01  1.2958e-17  0.0000e+00  5.4316e-02  1.0000e-02  9.5000e-01  5.0000e-01
  6.5460e+01  1.2696e-17  0.0000e+00  5.3218e-02  1.0000e-02  9.5000e-01  5.0000e-01
  6.6070e+01  1.2439e-17  0.0000e+00  5.2138e-02  1.0000e-02  9.5000e-01  5.0000e-01
  6.6680e+01  1.2187e-17  0.0000e+00  5.1083e-02  1.0000e-02  9.5000e-01  5.0000e-01
  6.7300e+01  1.1938e-17  0.0000e+00  5.0041e-02  1.0000e-02  9.5000e-01  5.0000e-01
  6.7920e+01  1.1697e-17  0.0000e+00  4.9028e-02  1.0000e-02  9.5000e-01  5.0000e-01
  6.8550e+01  1.1459e-17  0.0000e+00  4.8033e-02  1.0000e-02  9.5000e-01  5.0000e-01
  6.9180e+01  1.1227e-17  0.0000e+00  4.7058e-02  1.0000e-02  9.5000e-01  5.0000e-01
  6.9820e+01  1.1003e-17  0.0000e+00  4.6122e-02  1.0000e-02  9.5000e-01  5.0000e-01
  7.0470e+01  1.0781e-17  0.0000e+00  4.5190e-02  1.0000e-02  9.5000e-01  5.0000e-01
  7.1120e+01  1.0563e-17  0.0000e+00  4.4275e-02  1.0000e-02  9.5000e-01  5.0000e-01
  7.1780e+01  1.0351e-17  0.0000e+00  4.3390e-02  1.0000e-02  9.5000e-01  5.0000e-01
  7.2440e+01  1.0145e-17  0.0000e+00  4.2525e-02  1.0000e-02  9.5000e-01  5.0000e-01
  7.3110e+01  9.9431e-18  0.0000e+00  4.1678e-02  1.0000e-02  9.5000e-01  5.0000e-01
  7.3790e+01  9.7441e-18  0.0000e+00  4.0844e-02  1.0000e-02  9.5000e-01  5.0000e-01
  7.4470e+01  9.5497e-18  0.0000e+00  4.0029e-02  1.0000e-02  9.5000e-01  5.0000e-01
  7.5160e+01  9.3587e-18  0.0000e+00  3.9229e-02  1.0000e-02  9.5000e-01  5.0000e-01
  7.5860e+01  9.1711e-18  0.0000e+00  3.8442e-02  1.0000e-02  9.5000e-01  5.0000e-01
  7.6560e+01  8.9879e-18  0.0000e+00  3.7674e-02  1.0000e-02  9.5000e-01  5.0000e-01
  7.7270e+01  8.8081e-18  0.0000e+00  3.6921e-02  1.0000e-02  9.5000e-01  5.0000e-01
  7.7980e+01  8.6339e-18  0.0000e+00  3.6190e-02  1.0000e-02  9.5000e-01  5.0000e-01
  7.8700e+01  8.4619e-18  0.0000e+00  3.5469e-02  1.0000e-02  9.5000e-01  5.0000e-01
  7.9430e+01  8.2955e-18  0.0000e+00  3.4772e-02  1.0000e-02  9.5000e-01  5.0000e-01
  8.0170e+01  8.1314e-18  0.0000e+00  3.4084e-02  1.0000e-02  9.5000e-01  5.0000e-01
  8.0910e+01  7.9696e-18  0.0000e+00  3.3406e-02  1.0000e-02  9.5000e-01  5.0000e-01
  8.1660e+01  7.8112e-18  0.0000e+00  3.2742e-02  1.0000e-02  9.5000e-01  5.0000e-01
  8.2410e+01  7.6573e-18  0.0000e+00  3.2097e-02  1.0000e-02  9.5000e-01  5.0000e-01
  8.3180e+01  7.5060e-18  0.0000e+00  3.1463e-02  1.0000e-02  9.5000e-01  5.0000e-01
  8.3950e+01  7.3588e-18  0.0000e+00  3.0846e-02  1.0000e-02  9.5000e-01  5.0000e-01
  8.4720e+01  7.2134e-18  0.0000e+00  3.0236e-02  1.0000e-02  9.5000e-01  5.0000e-01
  8.5510e+01  7.0719e-18  0.0000e+00  2.9643e-02  1.0000e-02  9.5000e-01  5.0000e-01
  8.6300e+01  6.9333e-18  0.0000e+00  2.9062e-02  1.0000e-02  9.5000e-01  5.0000e-01
  8.7100e+01  6.7965e-18  0.0000e+00  2.8489e-02  1.0000e-02  9.5000e-01  5.0000e-01
  8.7900e+01  6.6636e-18  0.0000e+00  2.7932e-02  1.0000e-02  9.5000e-01  5.0000e-01
  8.8720e+01  6.5324e-18  0.0000e+00  2.7382e-02  1.0000e-02  9.5000e-01  5.0000e-01
  8.9540e+01  6.4052e-18  0.0000e+00  2.6848e-02  1.0000e-02  9.5000e-01  5.0000e-01
  9.0360e+01  6.2805e-18  0.0000e+00  2.6326e-02  1.0000e-02  9.5000e-01  5.0000e-01
  9.1200e+01  6.1587e-18  0.0000e+00  2.5815e-02  1.0000e-02  9.5000e-01  5.0000e-01
  9.2040e+01  6.0385e-18  0.0000e+00  2.5311e-02  1.0000e-02  9.5000e-01  5.0000e-01
  9.2900e+01  5.9210e-18  0.0000e+00  2.4819e-02  1.0000e-02  9.5000e-01  5.0000e-01
  9.3760e+01  5.8051e-18  0.0000e+00  2.4333e-02  1.0000e-02  9.5000e-01  5.0000e-01
  9.4620e+01  5.6929e-18  0.0000e+00  2.3863e-02  1.0000e-02  9.5000e-01  5.0000e-01
  9.5500e+01  5.5814e-18  0.0000e+00  2.3395e-02  1.0000e-02  9.5000e-01  5.0000e-01
  9.6380e+01  5.4734e-18  0.0000e+00  2.2943e-02  1.0000e-02  9.5000e-01  5.0000e-01
  9.7270e+01  5.3671e-18  0.0000e+00  2.2497e-02  1.0000e-02  9.5000e-01  5.0000e-01
  9.8170e+01  5.2634e-18  0.0000e+00  2.2062e-02  1.0000e-02  9.5000e-01  5.0000e-01
  9.9080e+01  5.1613e-18  0.0000e+00  2.1635e-02  1.0000e-02  9.5000e-01  5.0000e-01
  1.0000e+02  5.0618e-18  0.0000e+00  2.1217e-02  1.0000e-02  9.5000e-01  5.0000e-01
  3.6000e+04  3.9057e-23  0.0000e+00  1.6371e-07  1.0000e-02  9.5000e-01  5.0000e-01
