      1.00000  2.15900e-19
      1.00900  2.69500e-19
      1.01900  3.50500e-19
      1.02800  4.70900e-19
      1.03800  6.27700e-19
      1.04700  7.63900e-19
      1.05700  7.86700e-19
      1.06700  7.00200e-19
      1.07600  5.88300e-19
      1.08600  4.98500e-19
      1.09600  4.37000e-19
      1.10700  3.97900e-19
      1.11700  3.74900e-19
      1.12700  3.63700e-19
      1.13800  3.61600e-19
      1.14800  3.67400e-19
      1.15900  3.80500e-19
      1.16900  4.01200e-19
      1.18000  4.30300e-19
      1.19100  4.69000e-19
      1.20200  5.18500e-19
      1.21300  5.79400e-19
      1.22500  6.50300e-19
      1.23600  7.26300e-19
      1.24700  7.97500e-19
      1.25900  8.51500e-19
      1.27100  8.78900e-19
      1.28200  8.78200e-19
      1.29400  8.56100e-19
      1.30600  8.22200e-19
      1.31800  7.85100e-19
      1.33000  7.49900e-19
      1.34300  7.19300e-19
      1.35500  6.94000e-19
      1.36800  6.74000e-19
      1.38000  6.58700e-19
      1.39300  6.47400e-19
      1.40600  6.39800e-19
      1.41900  6.35100e-19
      1.43200  6.32900e-19
      1.44500  6.32900e-19
      1.45900  6.34700e-19
      1.47200  6.38100e-19
      1.48600  6.42900e-19
      1.50000  6.48900e-19
      1.51400  6.56000e-19
      1.52800  6.64000e-19
      1.54200  6.72800e-19
      1.55600  6.82400e-19
      1.57000  6.92700e-19
      1.58500  7.03500e-19
      1.60000  7.14800e-19
      1.61400  7.26600e-19
      1.62900  7.38700e-19
      1.64400  7.51200e-19
      1.66000  7.63900e-19
      1.67500  7.76600e-19
      1.69000  7.89400e-19
      1.70600  8.02000e-19
      1.72200  8.14400e-19
      1.73800  8.26200e-19
      1.75400  8.37200e-19
      1.77000  8.46900e-19
      1.78600  8.54700e-19
      1.80300  8.60000e-19
      1.82000  8.61700e-19
      1.83700  8.59200e-19
      1.85400  8.52500e-19
      1.87100  8.43700e-19
      1.88800  8.38100e-19
      1.90500  8.43100e-19
      1.92300  8.63400e-19
      1.94100  8.97400e-19
      1.95900  9.39000e-19
      1.97700  9.82400e-19
      1.99500  1.02400e-18
      2.01400  1.06400e-18
      2.03200  1.10000e-18
      2.05100  1.13500e-18
      2.07000  1.16800e-18
      2.08900  1.19900e-18
      2.10900  1.22900e-18
      2.12800  1.25900e-18
      2.14800  1.28800e-18
      2.16800  1.31700e-18
      2.18800  1.34600e-18
      2.20800  1.37500e-18
      2.22800  1.40400e-18
      2.24900  1.43300e-18
      2.27000  1.46200e-18
      2.29100  1.49200e-18
      2.31200  1.52200e-18
      2.33300  1.55200e-18
      2.35500  1.58300e-18
      2.37700  1.61400e-18
      2.39900  1.64600e-18
      2.42100  1.67900e-18
      2.44300  1.71200e-18
      2.46600  1.74600e-18
      2.48900  1.78000e-18
      2.51200  1.81500e-18
      2.53500  1.85100e-18
      2.55900  1.88700e-18
      2.58200  1.92500e-18
      2.60600  1.96300e-18
      2.63000  2.00300e-18
      2.65500  2.04400e-18
      2.67900  2.08600e-18
      2.70400  2.13000e-18
      2.72900  2.17600e-18
      2.75400  2.22500e-18
      2.78000  2.27600e-18
      2.80500  2.33100e-18
      2.83100  2.39000e-18
      2.85800  2.45500e-18
      2.88400  2.52600e-18
      2.91100  2.60700e-18
      2.93800  2.69900e-18
      2.96500  2.80700e-18
      2.99200  2.93700e-18
      3.02000  3.09800e-18
      3.04800  3.30700e-18
      3.07600  3.59000e-18
      3.10500  3.99500e-18
      3.13300  4.61500e-18
      3.16200  5.65200e-18
      3.19200  7.61200e-18
      3.22100  1.20400e-17
      3.25100  2.54500e-17
      3.28100  8.99000e-17
      3.31100  1.32900e-16
      3.34200  3.54500e-17
      3.37300  1.57100e-17
      3.40400  9.73600e-18
      3.43600  7.24200e-18
      3.46700  5.98800e-18
      3.49900  5.28200e-18
      3.53200  4.85600e-18
      3.56500  4.58800e-18
      3.59700  4.41500e-18
      3.63100  4.30500e-18
      3.66400  4.23700e-18
      3.69800  4.19900e-18
      3.73300  4.18300e-18
      3.76700  4.18400e-18
      3.80200  4.19800e-18
      3.83700  4.22300e-18
      3.87300  4.25700e-18
      3.90800  4.29900e-18
      3.94500  4.34700e-18
      3.98100  4.40200e-18
      4.01800  4.46300e-18
      4.05500  4.52900e-18
      4.09300  4.60000e-18
      4.13000  4.67700e-18
      4.16900  4.75900e-18
      4.20700  4.84600e-18
      4.24600  4.93800e-18
      4.28500  5.03700e-18
      4.32500  5.14200e-18
      4.36500  5.25400e-18
      4.40600  5.37300e-18
      4.44600  5.50100e-18
      4.48700  5.63701e-18
      4.52900  5.78401e-18
      4.57100  5.94301e-18
      4.61300  6.11501e-18
      4.65600  6.30201e-18
      4.69900  6.50801e-18
      4.74200  6.73501e-18
      4.78600  6.99002e-18
      4.83100  7.27902e-18
      4.87500  7.61303e-18
      4.92000  8.00903e-18
      4.96600  8.49204e-18
      5.01200  9.11205e-18
      5.05800  9.95706e-18
      5.10500  1.12101e-17
      5.15200  1.32701e-17
      5.20000  1.68002e-17
      5.24800  2.13703e-17
      5.29700  2.20603e-17
      5.34600  1.91703e-17
      5.39500  1.74503e-17
      5.44500  1.74203e-17
      5.49500  1.87504e-17
      5.54600  2.16806e-17
      5.59800  2.71108e-17
      5.64900  3.59412e-17
      5.70200  4.30117e-17
      5.75400  4.03018e-17
      5.80800  3.62317e-17
      5.86100  3.62419e-17
      5.91600  4.04524e-17
      5.97000  4.96434e-17
      6.02600  6.71652e-17
      6.08100  1.01709e-16
      6.13800  1.72317e-16
      6.19400  2.79031e-16
      6.25200  2.77934e-16
      6.31000  1.80225e-16
      6.36800  1.19318e-16
      6.42700  9.22750e-17
      6.48600  8.23046e-17
      6.54600  8.13860e-17
      6.60700  8.51785e-17
      6.66800  8.97215e-17
      6.73000  9.17742e-17
      6.79200  9.12965e-17
      6.85500  9.08390e-17
      6.91800  9.26925e-17
      6.98200  9.78879e-17
      7.04700  1.06846e-16
      7.11200  1.19756e-16
      7.17800  1.37171e-16
      7.24400  1.59791e-16
      7.31100  1.89519e-16
      7.37900  2.30259e-16
      7.44700  2.89219e-16
      7.51600  3.69906e-16
      7.58600  4.43201e-16
      7.65600  4.58851e-16
      7.72700  4.48479e-16
      7.79800  4.49320e-16
      7.87000  4.29538e-16
      7.94300  3.67395e-16
      8.01700  2.94825e-16
      8.09100  2.38967e-16
      8.16600  2.04131e-16
      8.24100  1.86319e-16
      8.31800  1.80025e-16
      8.39500  1.82448e-16
      8.47200  1.99304e-16
      8.55100  2.31199e-16
      8.63000  2.38350e-16
      8.71000  1.95582e-16
      8.79000  1.49089e-16
      8.87200  1.18526e-16
      8.95400  1.00029e-16
      9.03600  8.84470e-17
      9.12000  8.08850e-17
      9.20400  7.57593e-17
      9.29000  7.21880e-17
      9.37600  6.96600e-17
      9.46200  6.78746e-17
      9.55000  6.66516e-17
      9.63800  6.58908e-17
      9.72700  6.55421e-17
      9.81700  6.55857e-17
      9.90800  6.60318e-17
      10.0000  6.68806e-17
      10.0900  6.81725e-17
      10.1900  6.99583e-17
      10.2800  7.23486e-17
      10.3800  7.54949e-17
      10.4700  7.97797e-17
      10.5700  8.59978e-17
      10.6700  9.52069e-17
      10.7600  1.05922e-16
      10.8600  1.23767e-16
      10.9600  1.57325e-16
      11.0700  2.29866e-16
      11.1700  4.48282e-16
      11.2700  6.38998e-16
      11.3800  4.83793e-16
      11.4800  3.39942e-16
      11.5900  2.53965e-16
      11.6900  2.25842e-16
      11.8000  2.33349e-16
      11.9100  2.58861e-16
      12.0200  2.70061e-16
      12.1300  2.54885e-16
      12.2500  2.44662e-16
      12.3600  2.61188e-16
      12.4700  3.07974e-16
      12.5900  3.53634e-16
      12.7100  3.34363e-16
      12.8200  2.72157e-16
      12.9400  2.22876e-16
      13.0600  1.96134e-16
      13.1800  1.87406e-16
      13.3000  1.93283e-16
      13.4300  2.04917e-16
      13.5500  1.99986e-16
      13.6800  1.79861e-16
      13.8000  1.64010e-16
      13.9300  1.57291e-16
      14.0600  1.60266e-16
      14.1900  1.66676e-16
      14.3200  1.56316e-16
      14.4500  1.47179e-16
      14.5900  1.43739e-16
      14.7200  1.42804e-16
      14.8600  1.43130e-16
      15.0000  1.44203e-16
      15.1400  1.45716e-16
      15.2800  1.47673e-16
      15.4200  1.50178e-16
      15.5600  1.53347e-16
      15.7000  1.57618e-16
      15.8500  1.64260e-16
      16.0000  1.70010e-16
      16.1400  1.79020e-16
      16.2900  2.04120e-16
      16.4400  2.65400e-16
      16.6000  2.30130e-16
      16.7500  2.26970e-16
      16.9000  2.37440e-16
      17.0600  2.43540e-16
      17.2200  2.42030e-16
      17.3800  2.45510e-16
      17.5400  2.15830e-16
      17.7000  2.03260e-16
      17.8600  2.01010e-16
      18.0300  1.88550e-16
      18.2000  1.81180e-16
      18.3700  1.77630e-16
      18.5400  1.76340e-16
      18.7100  1.78610e-16
      18.8800  1.86700e-16
      19.0500  1.80420e-16
      19.2300  1.72700e-16
      19.4100  1.69600e-16
      19.5900  1.68030e-16
      19.7700  1.67160e-16
      19.9500  1.66440e-16
      20.1400  1.65860e-16
      20.3200  1.65420e-16
      20.5100  1.65130e-16
      20.7000  1.64980e-16
      20.8900  1.64870e-16
      21.0900  1.64880e-16
      21.2800  1.64830e-16
      21.4800  1.64920e-16
      21.6800  1.65060e-16
      21.8800  1.65240e-16
      22.0800  1.65550e-16
      22.2800  1.65800e-16
      22.4900  1.66190e-16
      22.7000  1.66530e-16
      22.9100  1.67130e-16
      23.1200  1.67790e-16
      23.3300  1.68410e-16
      23.5500  1.69170e-16
      23.7700  1.70000e-16
      23.9900  1.70890e-16
      24.2100  1.71960e-16
      24.4300  1.72990e-16
      24.6600  1.74190e-16
      24.8900  1.75460e-16
      25.1200  1.76810e-16
      25.3500  1.78250e-16
      25.5900  1.79770e-16
      25.8200  1.81380e-16
      26.0600  1.83180e-16
      26.3000  1.85090e-16
      26.5500  1.87090e-16
      26.7900  1.89300e-16
      27.0400  1.91410e-16
      27.2900  1.93740e-16
      27.5400  1.96370e-16
      27.8000  1.98930e-16
      28.0500  2.01600e-16
      28.3100  2.04500e-16
      28.5800  2.07400e-16
      28.8400  2.10500e-16
      29.1100  2.13900e-16
      29.3800  2.17200e-16
      29.6500  2.20650e-16
      29.9200  2.24330e-16
      30.2000  2.27970e-16
      30.4800  2.31800e-16
      30.7600  2.35780e-16
      31.0500  2.39800e-16
      31.3300  2.44000e-16
      31.6200  2.48150e-16
      31.9200  2.52530e-16
      32.2100  2.56840e-16
      32.5100  2.61190e-16
      32.8100  2.65790e-16
      33.1100  2.70220e-16
      33.4200  2.74760e-16
      33.7300  2.79290e-16
      34.0400  2.84030e-16
      34.3600  2.88630e-16
      34.6700  2.93220e-16
      34.9900  2.97980e-16
      35.3200  3.02670e-16
      35.6500  3.07270e-16
      35.9700  3.11760e-16
      36.3100  3.16640e-16
      36.6400  3.21130e-16
      36.9800  3.25680e-16
      37.3300  3.30050e-16
      37.6700  3.34620e-16
      38.0200  3.39090e-16
      38.3700  3.43510e-16
      38.7300  3.47920e-16
      39.0800  3.52150e-16
      39.4500  3.56380e-16
      39.8100  3.60600e-16
      40.1800  3.64680e-16
      40.5500  3.68940e-16
      40.9300  3.73100e-16
      41.3000  3.77300e-16
      41.6900  3.81360e-16
      42.0700  3.85430e-16
      42.4600  3.89670e-16
      42.8500  3.93800e-16
      43.2500  3.98050e-16
      43.6500  4.02110e-16
      44.0600  4.06120e-16
      44.4600  4.10460e-16
      44.8700  4.14690e-16
      45.2900  4.18720e-16
      45.7100  4.23000e-16
      46.1300  4.27170e-16
      46.5600  4.31380e-16
      46.9900  4.35840e-16
      47.4200  4.40220e-16
      47.8600  4.44450e-16
      48.3100  4.48910e-16
      48.7500  4.53390e-16
      49.2000  4.58030e-16
      49.6600  4.62580e-16
      50.1200  4.67290e-16
      50.5800  4.72350e-16
      51.0500  4.77110e-16
      51.5200  4.82540e-16
      52.0000  4.87500e-16
      52.4800  4.92820e-16
      52.9700  4.97960e-16
      53.4600  5.03550e-16
      53.9500  5.08830e-16
      54.4500  5.14400e-16
      54.9500  5.19910e-16
      55.4600  5.25610e-16
      55.9800  5.31530e-16
      56.4900  5.37410e-16
      57.0200  5.43470e-16
      57.5400  5.49600e-16
      58.0800  5.55870e-16
      58.6100  5.62500e-16
      59.1600  5.69290e-16
      59.7000  5.75810e-16
      60.2600  5.82860e-16
      60.8100  5.89870e-16
      61.3800  5.96760e-16
      61.9400  6.03790e-16
      62.5200  6.10850e-16
      63.1000  6.18020e-16
      63.6800  6.25940e-16
      64.2700  6.33560e-16
      64.8600  6.41130e-16
      65.4600  6.48820e-16
      66.0700  6.57400e-16
      66.6800  6.65450e-16
      67.3000  6.73500e-16
      67.9200  6.81710e-16
      68.5500  6.90020e-16
      69.1800  6.98350e-16
      69.8200  7.06770e-16
      70.4700  7.15580e-16
      71.1200  7.24130e-16
      71.7800  7.33150e-16
      72.4400  7.42620e-16
      73.1100  7.52660e-16
      73.7900  7.61670e-16
      74.4700  7.72320e-16
      75.1600  7.81440e-16
      75.8600  7.90510e-16
      76.5600  7.99950e-16
      77.2700  8.09270e-16
      77.9800  8.18600e-16
      78.7000  8.28050e-16
      79.4300  8.37320e-16
      80.1700  8.46710e-16
      80.9100  8.56100e-16
      81.6600  8.65610e-16
      82.4100  8.75140e-16
      83.1800  8.85240e-16
      83.9500  8.94660e-16
      84.7200  9.04190e-16
      85.5100  9.15970e-16
      86.3000  9.25180e-16
      87.1000  9.34470e-16
      87.9000  9.44640e-16
      88.7200  9.53910e-16
      89.5400  9.62950e-16
      90.3600  9.71860e-16
      91.2000  9.80780e-16
      92.0400  9.89600e-16
      92.9000  9.98330e-16
      93.7600  1.00692e-15
      94.6200  1.01557e-15
      95.5000  1.02382e-15
      96.3800  1.03219e-15
      97.2700  1.03967e-15
      98.1700  1.04911e-15
      99.0800  1.05659e-15
      100.000  1.06659e-15
      100.900  1.07402e-15
      101.900  1.08189e-15
      102.800  1.08914e-15
      103.800  1.09613e-15
      104.700  1.10258e-15
      105.700  1.10904e-15
      106.700  1.11549e-15
      107.600  1.12097e-15
      108.600  1.12672e-15
      109.600  1.13220e-15
      110.700  1.13769e-15
      111.700  1.14220e-15
      112.700  1.14671e-15
      113.800  1.15247e-15
      114.800  1.15701e-15
      115.900  1.16119e-15
      116.900  1.16810e-15
      118.000  1.17059e-15
      119.100  1.17416e-15
      120.200  1.17699e-15
      121.300  1.17949e-15
      122.500  1.18198e-15
      123.600  1.18408e-15
      124.700  1.18558e-15
      125.900  1.18711e-15
      127.100  1.18762e-15
      128.200  1.18966e-15
      129.400  1.19017e-15
      130.600  1.19067e-15
      131.800  1.19027e-15
      133.000  1.18981e-15
      134.300  1.18837e-15
      135.500  1.18843e-15
      136.800  1.18796e-15
      138.000  1.18646e-15
      139.300  1.18404e-15
      140.600  1.18183e-15
      141.900  1.17936e-15
      143.200  1.17666e-15
      144.500  1.17318e-15
      145.900  1.16974e-15
      147.200  1.16765e-15
      148.600  1.16316e-15
      150.000  1.15977e-15
      151.400  1.15431e-15
      152.800  1.14987e-15
      154.200  1.14444e-15
      155.600  1.13897e-15
      157.000  1.13254e-15
      158.500  1.12644e-15
      160.000  1.12137e-15
      161.400  1.11601e-15
      162.900  1.10953e-15
      164.400  1.10211e-15
      166.000  1.09479e-15
      167.500  1.08732e-15
      169.000  1.07887e-15
      170.600  1.07162e-15
      172.200  1.06418e-15
      173.800  1.05575e-15
      175.400  1.04630e-15
      177.000  1.03792e-15
      178.600  1.02856e-15
      180.300  1.01916e-15
      182.000  1.01126e-15
      183.700  1.00163e-15
      185.400  9.91910e-16
      187.100  9.83000e-16
      188.800  9.72980e-16
      190.500  9.62770e-16
      192.300  9.52600e-16
      194.100  9.42290e-16
      195.900  9.32660e-16
      197.700  9.22080e-16
      199.500  9.11400e-16
      201.400  9.00610e-16
      203.200  8.89740e-16
      205.100  8.78870e-16
      207.000  8.68800e-16
      208.900  8.57720e-16
      210.900  8.46690e-16
      212.800  8.35530e-16
      214.800  8.24390e-16
      216.800  8.13440e-16
      218.800  8.02260e-16
      220.800  7.91040e-16
      222.800  7.79710e-16
      224.900  7.69030e-16
      227.000  7.57850e-16
      229.100  7.46630e-16
      231.200  7.35410e-16
      233.300  7.24810e-16
      235.500  7.13600e-16
      237.700  7.02580e-16
      239.900  6.91480e-16
      242.100  6.80100e-16
      244.300  6.68750e-16
      246.600  6.57170e-16
      248.900  6.45720e-16
      251.200  6.33950e-16
      253.500  6.22100e-16
      255.900  6.10350e-16
      258.200  5.98423e-16
      260.600  5.86693e-16
      263.000  5.74939e-16
      265.500  5.63724e-16
      267.900  5.52385e-16
      270.400  5.41141e-16
      272.900  5.30003e-16
      275.400  5.19270e-16
      278.000  5.08553e-16
      280.500  4.98076e-16
      283.100  4.87703e-16
      285.800  4.77492e-16
      288.400  4.67389e-16
      291.100  4.57534e-16
      293.800  4.47835e-16
      296.500  4.38244e-16
      299.200  4.28886e-16
      302.000  4.19625e-16
      304.800  4.10442e-16
      307.600  4.01476e-16
      310.500  3.92600e-16
      313.300  3.83937e-16
      316.200  3.75499e-16
      319.200  3.67032e-16
      322.100  3.58770e-16
      325.100  3.50725e-16
      328.100  3.42836e-16
      331.100  3.35026e-16
      334.200  3.27399e-16
      337.300  3.19899e-16
      340.400  3.12473e-16
      343.600  3.05236e-16
      346.700  2.98201e-16
      349.900  2.91202e-16
      353.200  2.84373e-16
      356.500  2.77678e-16
      359.700  2.71168e-16
      363.100  2.64846e-16
      366.400  2.58528e-16
      369.800  2.52314e-16
      373.300  2.46301e-16
      376.700  2.40432e-16
      380.200  2.34698e-16
      383.700  2.28997e-16
      387.300  2.23494e-16
      390.800  2.17994e-16
      394.500  2.12698e-16
      398.100  2.07510e-16
      401.800  2.02447e-16
      405.500  1.97476e-16
      409.300  1.92589e-16
      413.000  1.87802e-16
      416.900  1.83295e-16
      420.700  1.78712e-16
      424.600  1.74267e-16
      428.500  1.69890e-16
      432.500  1.65712e-16
      436.500  1.61563e-16
      440.600  1.57502e-16
      444.600  1.53529e-16
      448.700  1.49659e-16
      452.900  1.45914e-16
      457.100  1.42146e-16
      461.300  1.38583e-16
      465.600  1.35031e-16
      469.900  1.31568e-16
      474.200  1.28248e-16
      478.600  1.25012e-16
      483.100  1.21756e-16
      487.500  1.18599e-16
      492.000  1.15543e-16
      496.600  1.12588e-16
      501.200  1.09649e-16
      505.800  1.06813e-16
      510.500  1.04065e-16
      515.200  1.01375e-16
      520.000  9.87370e-17
      524.800  9.61490e-17
      529.700  9.36330e-17
      534.600  9.11780e-17
      539.500  8.87970e-17
      544.500  8.64970e-17
      549.500  8.42150e-17
      554.600  8.19940e-17
      559.800  7.98340e-17
      564.900  7.77240e-17
      570.200  7.56750e-17
      575.400  7.36810e-17
      580.800  7.17240e-17
      586.100  6.98190e-17
      591.600  6.79640e-17
      597.000  6.61600e-17
      602.600  6.43970e-17
      608.100  6.26750e-17
      613.800  6.10100e-17
      619.400  5.93830e-17
      625.200  5.77930e-17
      631.000  5.62440e-17
      636.800  5.47360e-17
      642.700  5.32720e-17
      648.600  5.18350e-17
      654.600  5.04380e-17
      660.700  4.90920e-17
      666.800  4.77772e-17
      673.000  4.64927e-17
      679.200  4.52388e-17
      685.500  4.40254e-17
      691.800  4.28338e-17
      698.200  4.16715e-17
      704.700  4.05498e-17
      711.200  3.94485e-17
      717.800  3.83787e-17
      724.400  3.73285e-17
      731.100  3.63187e-17
      737.900  3.53195e-17
      744.700  3.43607e-17
      751.600  3.34225e-17
      758.600  3.25146e-17
      765.600  3.16273e-17
      772.700  3.07603e-17
      779.800  2.99137e-17
      787.000  2.90975e-17
      794.300  2.82918e-17
      801.700  2.75164e-17
      809.100  2.67513e-17
      816.600  2.60167e-17
      824.100  2.52923e-17
      831.800  2.45884e-17
      839.500  2.39047e-17
      847.200  2.32414e-17
      855.100  2.25884e-17
      863.000  2.19657e-17
      871.000  2.13434e-17
      879.000  2.07513e-17
      887.200  2.01695e-17
      895.400  1.95980e-17
      903.600  1.90468e-17
      912.000  1.85059e-17
      920.400  1.79852e-17
      929.000  1.74748e-17
      937.600  1.69747e-17
      946.200  1.64948e-17
      955.000  1.60251e-17
      963.800  1.55758e-17
      972.700  1.51266e-17
      981.700  1.46977e-17
      990.800  1.42790e-17
      1000.00  1.38705e-17
      1009.00  1.34722e-17
      1019.00  1.30842e-17
      1028.00  1.27163e-17
      1038.00  1.23487e-17
      1047.00  1.19913e-17
      1057.00  1.16540e-17
      1067.00  1.13169e-17
      1076.00  1.09900e-17
      1086.00  1.06733e-17
      1096.00  1.03668e-17
      1107.00  1.00664e-17
      1117.00  9.77620e-18
      1127.00  9.49420e-18
      1138.00  9.21930e-18
      1148.00  8.95250e-18
      1159.00  8.69400e-18
      1169.00  8.44150e-18
      1180.00  8.19720e-18
      1191.00  7.95910e-18
      1202.00  7.72800e-18
      1213.00  7.50420e-18
      1225.00  7.28640e-18
      1236.00  7.07380e-18
      1247.00  6.86820e-18
      1259.00  6.66880e-18
      1271.00  6.47460e-18
      1282.00  6.28540e-18
      1294.00  6.10230e-18
      1306.00  5.92440e-18
      1318.00  5.75160e-18
      1330.00  5.58380e-18
      1343.00  5.42120e-18
      1355.00  5.26260e-18
      1368.00  5.10920e-18
      1380.00  4.95980e-18
      1393.00  4.81460e-18
      1406.00  4.67440e-18
      1419.00  4.53730e-18
      1432.00  4.40530e-18
      1445.00  4.27640e-18
      1459.00  4.15050e-18
      1472.00  4.02977e-18
      1486.00  3.91208e-18
      1500.00  3.79746e-18
      1514.00  3.68692e-18
      1528.00  3.57844e-18
      1542.00  3.47404e-18
      1556.00  3.37269e-18
      1570.00  3.27441e-18
      1585.00  3.17820e-18
      1600.00  3.08604e-18
      1614.00  2.99594e-18
      1629.00  2.90790e-18
      1644.00  2.82292e-18
      1660.00  2.74099e-18
      1675.00  2.66011e-18
      1690.00  2.58329e-18
      1706.00  2.50751e-18
      1722.00  2.43378e-18
      1738.00  2.36310e-18
      1754.00  2.29447e-18
      1770.00  2.22688e-18
      1786.00  2.16234e-18
      1803.00  2.09884e-18
      1820.00  2.03838e-18
      1837.00  1.97896e-18
      1854.00  1.92058e-18
      1871.00  1.86524e-18
      1888.00  1.81093e-18
      1905.00  1.75767e-18
      1923.00  1.70643e-18
      1941.00  1.65723e-18
      1959.00  1.60907e-18
      1977.00  1.56194e-18
      1995.00  1.51683e-18
      2014.00  1.47276e-18
      2032.00  1.42972e-18
      2051.00  1.38871e-18
      2070.00  1.34872e-18
      2089.00  1.30976e-18
      2109.00  1.27183e-18
      2128.00  1.23493e-18
      2148.00  1.19905e-18
      2168.00  1.16419e-18
      2188.00  1.13036e-18
      2208.00  1.09755e-18
      2228.00  1.06576e-18
      2249.00  1.03500e-18
      2270.00  1.00536e-18
      2291.00  9.76340e-19
      2312.00  9.48230e-19
      2333.00  9.20950e-19
      2355.00  8.94390e-19
      2377.00  8.68740e-19
      2399.00  8.43720e-19
      2421.00  8.19510e-19
      2443.00  7.96010e-19
      2466.00  7.73140e-19
      2489.00  7.50980e-19
      2512.00  7.29530e-19
      2535.00  7.08600e-19
      2559.00  6.88390e-19
      2582.00  6.68690e-19
      2606.00  6.49600e-19
      2630.00  6.31130e-19
      2655.00  6.13170e-19
      2679.00  5.95730e-19
      2704.00  5.78690e-19
      2729.00  5.62270e-19
      2754.00  5.46360e-19
      2780.00  5.30860e-19
      2805.00  5.15770e-19
      2831.00  5.01200e-19
      2858.00  4.87030e-19
      2884.00  4.73270e-19
      2911.00  4.59930e-19
      2938.00  4.46890e-19
      2965.00  4.34360e-19
      2992.00  4.22150e-19
      3020.00  4.10240e-19
      3048.00  3.98630e-19
      3076.00  3.87340e-19
      3105.00  3.76450e-19
      3133.00  3.65875e-19
      3162.00  3.55505e-19
      3192.00  3.45542e-19
      3221.00  3.35887e-19
      3251.00  3.26439e-19
      3281.00  3.17297e-19
      3311.00  3.08362e-19
      3342.00  2.99734e-19
      3373.00  2.91412e-19
      3404.00  2.83196e-19
      3436.00  2.75286e-19
      3467.00  2.67682e-19
      3499.00  2.60183e-19
      3532.00  2.52890e-19
      3565.00  2.45903e-19
      3597.00  2.39120e-19
      3631.00  2.32442e-19
      3664.00  2.25970e-19
      3698.00  2.19702e-19
      3733.00  2.13639e-19
      3767.00  2.07780e-19
      3802.00  2.02025e-19
      3837.00  1.96475e-19
      3873.00  1.91029e-19
      3908.00  1.85787e-19
      3945.00  1.80649e-19
      3981.00  1.75714e-19
      4018.00  1.70883e-19
      4055.00  1.66156e-19
      4093.00  1.61632e-19
      4130.00  1.57111e-19
      4169.00  1.52894e-19
      4207.00  1.48679e-19
      4246.00  1.44568e-19
      4285.00  1.40660e-19
      4325.00  1.36755e-19
      4365.00  1.33053e-19
      4406.00  1.29453e-19
      4446.00  1.25856e-19
      4487.00  1.22462e-19
      4529.00  1.19070e-19
      4571.00  1.15881e-19
      4613.00  1.12694e-19
      4656.00  1.09710e-19
      4699.00  1.06728e-19
      4742.00  1.03748e-19
      4786.00  1.00980e-19
      4831.00  9.82440e-20
      4875.00  9.55910e-20
      4920.00  9.30090e-20
      4966.00  9.04990e-20
      5012.00  8.80610e-20
      5058.00  8.56850e-20
      5105.00  8.33710e-20
      5152.00  8.11280e-20
      5200.00  7.89370e-20
      5248.00  7.68180e-20
      5297.00  7.47500e-20
      5346.00  7.27440e-20
      5395.00  7.07890e-20
      5445.00  6.88860e-20
      5495.00  6.70440e-20
      5546.00  6.52440e-20
      5598.00  6.34950e-20
      5649.00  6.17970e-20
      5702.00  6.01510e-20
      5754.00  5.85450e-20
      5808.00  5.69810e-20
      5861.00  5.54580e-20
      5916.00  5.39870e-20
      5970.00  5.25460e-20
      6026.00  5.11460e-20
      6081.00  4.97880e-20
      6138.00  4.84700e-20
      6194.00  4.71840e-20
      6252.00  4.59290e-20
      6310.00  4.47140e-20
      6368.00  4.35300e-20
      6427.00  4.23780e-20
      6486.00  4.12560e-20
      6546.00  4.01650e-20
      6607.00  3.91140e-20
      6668.00  3.80750e-20
      6730.00  3.70760e-20
      6792.00  3.60990e-20
      6855.00  3.51510e-20
      6918.00  3.42251e-20
      6982.00  3.33294e-20
      7047.00  3.24543e-20
      7112.00  3.15999e-20
      7178.00  3.07761e-20
      7244.00  2.99629e-20
      7311.00  2.91803e-20
      7379.00  2.84184e-20
      7447.00  2.76670e-20
      7516.00  2.69462e-20
      7586.00  2.62459e-20
      7656.00  2.55562e-20
      7727.00  2.48869e-20
      7798.00  2.42382e-20
      7870.00  2.36100e-20
      7943.00  2.29923e-20
      8017.00  2.23950e-20
      8091.00  2.18082e-20
      8166.00  2.12418e-20
      8241.00  2.06958e-20
      8318.00  2.01603e-20
      8395.00  1.96352e-20
      8472.00  1.91304e-20
      8551.00  1.86361e-20
      8630.00  1.81521e-20
      8710.00  1.76785e-20
      8790.00  1.72253e-20
      8872.00  1.67824e-20
      8954.00  1.63498e-20
      9036.00  1.59275e-20
      9120.00  1.55155e-20
      9204.00  1.51038e-20
      9290.00  1.47124e-20
      9376.00  1.43312e-20
      9462.00  1.39604e-20
      9550.00  1.35998e-20
      9638.00  1.32395e-20
      9727.00  1.28995e-20
      9817.00  1.25597e-20
      9908.00  1.22402e-20
