  1.1000e-02  1.6907e-13  6.3083e-14  7.0866e+02  7.2517e-01  8.7469e-01  8.4000e+01
  2.1000e-02  1.6907e-13  6.3083e-14  7.0866e+02  7.2517e-01  8.7469e-01  8.4000e+01
  3.1000e-02  1.6907e-13  6.3083e-14  7.0866e+02  7.2517e-01  8.7469e-01  8.4000e+01
  4.1000e-02  1.6907e-13  6.3083e-14  7.0866e+02  7.2517e-01  8.7469e-01  8.4000e+01
  5.1000e-02  1.6907e-13  6.3083e-14  7.0866e+02  7.2517e-01  8.7469e-01  8.4000e+01
  6.0000e-02  2.1593e-13  7.8234e-14  9.0510e+02  6.3716e-01  8.5677e-01  8.1000e+01
  8.0000e-02  3.1374e-13  9.6018e-14  1.3151e+03  5.2803e-01  7.7429e-01  8.0000e+01
  1.0000e-01  2.5518e-13  8.6322e-14  1.0696e+03  5.2214e-01  6.6856e-01  8.6000e+01
  1.2000e-01  1.8035e-13  6.8978e-14  7.5594e+02  5.9813e-01  5.2693e-01  9.3000e+01
  1.5000e-01  1.3558e-13  5.4897e-14  5.6828e+02  6.0663e-01  3.2117e-01  8.9000e+01
  2.0000e-01  1.4598e-13  6.1280e-14  6.1190e+02  5.4295e-01  3.5688e-01  8.4000e+01
  2.5000e-01  1.1772e-13  5.9357e-14  4.9343e+02  4.6616e-01  3.5351e-01  8.2000e+01
  3.0000e-01  9.2127e-14  4.7900e-14  3.8616e+02  4.7858e-01  3.3468e-01  8.8000e+01
  3.6000e-01  7.9016e-14  4.1493e-14  3.3121e+02  4.8287e-01  3.2713e-01  9.0000e+01
  4.4000e-01  6.6839e-14  3.5457e-14  2.8016e+02  4.6618e-01  3.6226e-01  9.5000e+01
  5.5000e-01  5.2771e-14  2.8329e-14  2.2119e+02  4.4278e-01  4.0421e-01  9.5000e+01
  7.0000e-01  3.8502e-14  2.0279e-14  1.6139e+02  4.0630e-01  4.7766e-01  9.6000e+01
  8.5000e-01  2.8667e-14  1.4552e-14  1.2016e+02  3.7345e-01  5.3806e-01  9.6000e+01
  1.0000e+00  2.1881e-14  1.0649e-14  9.1717e+01  3.4632e-01  5.7488e-01  9.6000e+01
  1.1500e+00  1.7139e-14  7.9881e-15  7.1840e+01  3.2591e-01  5.9122e-01  9.5000e+01
  1.3000e+00  1.3770e-14  6.1480e-15  5.7718e+01  3.0981e-01  5.9650e-01  9.5000e+01
  1.7000e+00  8.4820e-15  3.4043e-15  3.5553e+01  2.7907e-01  5.9373e-01  9.4000e+01
  2.0000e+00  6.3230e-15  2.3542e-15  2.6503e+01  2.5877e-01  5.9986e-01  9.3000e+01
  2.2000e+00  5.3215e-15  1.8843e-15  2.2306e+01  2.4442e-01  6.0965e-01  9.3000e+01
  2.7000e+00  3.6806e-15  1.1483e-15  1.5428e+01  2.0745e-01  6.5235e-01  9.2000e+01
  3.0000e+00  3.0434e-15  8.7778e-16  1.2757e+01  1.8444e-01  6.8078e-01  9.1000e+01
  3.5000e+00  2.3070e-15  5.7997e-16  9.6699e+00  1.4729e-01  7.2645e-01  9.0000e+01
  4.0000e+00  1.8150e-15  3.9506e-16  7.6078e+00  1.1391e-01  7.6432e-01  8.9000e+01
  4.5000e+00  1.4706e-15  2.7539e-16  6.1644e+00  8.4705e-02  7.9493e-01  8.9000e+01
  5.0000e+00  1.2254e-15  1.9526e-16  5.1363e+00  5.8408e-02  8.2022e-01  8.8000e+01
  5.5000e+00  1.0489e-15  1.4079e-16  4.3967e+00  3.4872e-02  8.4001e-01  8.7000e+01
  6.0000e+00  9.2394e-16  1.0306e-16  3.8728e+00  1.4526e-02  8.5424e-01  8.6000e+01
  6.5000e+00  8.2999e-16  7.6330e-17  3.4790e+00 -3.3744e-03  8.6476e-01  8.6000e+01
  7.0000e+00  7.5214e-16  5.6818e-17  3.1527e+00 -2.0351e-02  8.7343e-01  8.5000e+01
  7.5000e+00  7.5956e-16  4.2167e-17  3.1838e+00 -3.7947e-02  8.7901e-01  8.5000e+01
  8.0000e+00  1.1951e-15  3.2351e-17  5.0093e+00 -5.0393e-02  8.8587e-01  8.4000e+01
  8.5000e+00  2.0206e-15  2.7683e-17  8.4696e+00 -4.8719e-02  8.9951e-01  8.4000e+01
  9.0000e+00  2.9074e-15  2.5772e-17  1.2187e+01 -3.9462e-02  9.1616e-01  8.5000e+01
  9.4000e+00  3.5128e-15  2.6366e-17  1.4724e+01 -2.6991e-02  9.3074e-01  8.6000e+01
  9.5500e+00  3.5108e-15  2.6158e-17  1.4716e+01 -2.4031e-02  9.3435e-01  8.6000e+01
  9.7000e+00  3.4134e-15  2.5542e-17  1.4308e+01 -2.2288e-02  9.3686e-01  8.6000e+01
  9.8500e+00  3.2935e-15  2.4711e-17  1.3805e+01 -2.1260e-02  9.3878e-01  8.6000e+01
  1.0000e+01  3.1803e-15  2.3862e-17  1.3331e+01 -2.0453e-02  9.4050e-01  8.6000e+01
  1.0500e+01  2.7686e-15  2.1466e-17  1.1605e+01 -1.7089e-02  9.4582e-01  8.7000e+01
  1.1000e+01  2.2360e-15  1.8066e-17  9.3723e+00 -1.7118e-02  9.4753e-01  8.7000e+01
  1.1300e+01  1.9994e-15  1.6231e-17  8.3808e+00 -1.7709e-02  9.4839e-01  8.7000e+01
  1.1600e+01  1.7961e-15  1.4671e-17  7.5286e+00 -1.7526e-02  9.4891e-01  8.7000e+01
  1.2000e+01  1.5508e-15  1.2708e-17  6.5003e+00 -1.8738e-02  9.4984e-01  8.7000e+01
  1.2500e+01  1.3003e-15  1.0546e-17  5.4504e+00 -2.1338e-02  9.5072e-01  8.7000e+01
  1.3000e+01  1.0942e-15  8.7088e-18  4.5866e+00 -2.5645e-02  9.5143e-01  8.7000e+01
  1.3500e+01  9.4471e-16  7.1734e-18  3.9599e+00 -3.1599e-02  9.5214e-01  8.7000e+01
  1.4000e+01  8.5545e-16  5.8529e-18  3.5857e+00 -3.9762e-02  9.5274e-01  8.6000e+01
  1.4500e+01  8.6242e-16  4.8452e-18  3.6149e+00 -4.7202e-02  9.5349e-01  8.6000e+01
  1.5000e+01  9.1859e-16  4.1368e-18  3.8504e+00 -5.1563e-02  9.5458e-01  8.6000e+01
  1.6000e+01  1.0660e-15  3.2072e-18  4.4684e+00 -5.4445e-02  9.5765e-01  8.6000e+01
  1.7000e+01  1.2140e-15  2.6742e-18  5.0887e+00 -5.1712e-02  9.6172e-01  8.6000e+01
  1.8000e+01  1.2962e-15  2.3342e-18  5.4330e+00 -4.6460e-02  9.6583e-01  8.6000e+01
  1.9000e+01  1.2747e-15  2.0542e-18  5.3432e+00 -4.1660e-02  9.6941e-01  8.7000e+01
  2.0000e+01  1.1716e-15  1.7639e-18  4.9111e+00 -3.9219e-02  9.7176e-01  8.7000e+01
  2.2000e+01  9.8827e-16  1.2479e-18  4.1424e+00 -3.8496e-02  9.7392e-01  8.7000e+01
  2.3000e+01  9.1415e-16  1.0538e-18  3.8318e+00 -3.8390e-02  9.7467e-01  8.7000e+01
  2.4000e+01  8.5689e-16  8.9619e-19  3.5917e+00 -3.8299e-02  9.7541e-01  8.7000e+01
  2.5000e+01  8.0685e-16  7.6796e-19  3.3820e+00 -3.8381e-02  9.7612e-01  8.7000e+01
  2.6000e+01  7.6166e-16  6.5939e-19  3.1926e+00 -3.8798e-02  9.7643e-01  8.7000e+01
  2.7000e+01  7.2167e-16  5.6976e-19  3.0250e+00 -3.9088e-02  9.7665e-01  8.7000e+01
  2.8000e+01  6.8636e-16  4.9543e-19  2.8769e+00 -3.9312e-02  9.7683e-01  8.7000e+01
  3.0000e+01  6.2601e-16  3.8057e-19  2.6240e+00 -3.9490e-02  9.7711e-01  8.7000e+01
  3.5000e+01  5.0681e-16  2.1056e-19  2.1243e+00 -3.9595e-02  9.7720e-01  8.7000e+01
  4.0000e+01  4.1440e-16  1.2630e-19  1.7370e+00 -3.8858e-02  9.7703e-01  8.8000e+01
  4.5000e+01  3.3807e-16  8.0248e-20  1.4171e+00 -3.8052e-02  9.7628e-01  8.8000e+01
  5.0000e+01  2.7762e-16  5.3253e-20  1.1637e+00 -3.6396e-02  9.7457e-01  8.8000e+01
  5.5000e+01  2.3019e-16  3.6634e-20  9.6487e-01 -3.2943e-02  9.7325e-01  8.8000e+01
  6.0000e+01  1.9294e-16  2.5976e-20  8.0874e-01 -2.8662e-02  9.7222e-01  8.8000e+01
  6.5000e+01  1.6347e-16  1.8906e-20  6.8520e-01 -2.3916e-02  9.7152e-01  8.9000e+01
  7.0000e+01  1.3989e-16  1.4074e-20  5.8635e-01 -1.8918e-02  9.7144e-01  8.9000e+01
  7.5000e+01  1.2091e-16  1.0684e-20  5.0682e-01 -1.3866e-02  9.7161e-01  8.9000e+01
  8.0000e+01  1.0539e-16  8.2525e-21  4.4177e-01 -8.8197e-03  9.7198e-01  8.9000e+01
  8.5000e+01  9.2636e-17  6.4712e-21  3.8829e-01 -3.9135e-03  9.7327e-01  9.0000e+01
  9.0000e+01  8.2033e-17  5.1424e-21  3.4385e-01  3.1820e-04  9.7555e-01  9.0000e+01
  9.5000e+01  7.3189e-17  4.1358e-21  3.0678e-01  3.6897e-03  9.7817e-01  9.0000e+01
  1.0000e+02  6.5688e-17  3.3630e-21  2.7534e-01  6.5745e-03  9.8092e-01  9.0000e+01
  1.0500e+02  5.9295e-17  2.7610e-21  2.4854e-01  8.8055e-03  9.8441e-01  9.0000e+01
  1.1000e+02  5.3866e-17  2.2866e-21  2.2578e-01  9.8337e-03  9.8857e-01  9.1000e+01
  1.2000e+02  4.5355e-17  1.6075e-21  1.9011e-01  7.9939e-03  9.9540e-01  9.0000e+01
  1.3000e+02  3.9058e-17  1.1652e-21  1.6372e-01  4.1118e-03  9.9827e-01  9.0000e+01
  1.4000e+02  3.4022e-17  8.6699e-22  1.4261e-01  8.4226e-04  9.9909e-01  9.0000e+01
  1.5000e+02  2.9520e-17  6.5878e-22  1.2374e-01 -1.5212e-03  9.9927e-01  9.0000e+01
  2.0000e+02  1.5945e-17  2.0839e-22  6.6834e-02 -6.6014e-03  9.9891e-01  9.0000e+01
  2.5000e+02  1.0111e-17  8.5294e-23  4.2383e-02 -7.8150e-03  9.9868e-01  9.0000e+01
  3.0000e+02  7.0073e-18  4.1108e-23  2.9372e-02 -7.9346e-03  9.9861e-01  9.0000e+01
  4.0000e+02  3.9461e-18  1.3000e-23  1.6541e-02 -7.1701e-03  9.9869e-01  9.0000e+01
  5.0000e+02  2.5317e-18  5.3235e-24  1.0612e-02 -6.1153e-03  9.9884e-01  9.0000e+01
  7.0000e+02  1.2974e-18  1.3852e-24  5.4382e-03 -4.3092e-03  9.9915e-01  9.0000e+01
  1.0000e+03  6.3810e-19  3.3251e-25  2.6747e-03 -2.6403e-03  9.9946e-01  9.0000e+01
  3.6000e+04  6.3810e-19  3.3251e-25  2.0561e-06 -2.6403e-03  9.9946e-01  9.0000e+01
