  5.0000E-02  2.2821E-13  8.1180E-14  9.5656E+02  7.6783E-01  9.2564E-01  8.5000E+01
  6.0000E-02  2.8729E-13  9.4646E-14  1.2042E+03  6.8772E-01  9.1837E-01  8.2000E+01
  8.0000E-02  3.9069E-13  1.1029E-13  1.6376E+03  5.8389E-01  8.5017E-01  8.3000E+01
  1.0000E-01  3.2861E-13  1.0318E-13  1.3774E+03  5.6694E-01  7.4736E-01  8.8000E+01
  1.2000E-01  2.4098E-13  8.8483E-14  1.0101E+03  6.2064E-01  6.0577E-01  9.5000E+01
  1.5000E-01  1.9305E-13  7.7486E-14  8.0918E+02  6.3623E-01  3.8276E-01  9.1000E+01
  2.0000E-01  1.6941E-13  7.6145E-14  7.1012E+02  5.5810E-01  3.3694E-01  8.5000E+01
  2.5000E-01  1.5186E-13  7.6279E-14  6.3652E+02  4.8307E-01  3.9685E-01  8.2000E+01
  3.0000E-01  1.1801E-13  6.2419E-14  4.9464E+02  4.9396E-01  3.5501E-01  8.8000E+01
  3.6000E-01  1.0016E-13  5.3733E-14  4.1982E+02  4.9493E-01  3.6760E-01  8.9000E+01
  4.4000E-01  8.5202E-14  4.6563E-14  3.5714E+02  4.8019E-01  3.8750E-01  9.3000E+01
  5.5000E-01  6.7638E-14  3.7571E-14  2.8351E+02  4.5481E-01  4.3611E-01  9.5000E+01
  7.0000E-01  4.9824E-14  2.7302E-14  2.0884E+02  4.1714E-01  5.0796E-01  9.6000E+01
  8.5000E-01  3.7352E-14  1.9855E-14  1.5656E+02  3.8458E-01  5.6671E-01  9.6000E+01
  1.0000E+00  2.8586E-14  1.4646E-14  1.1982E+02  3.5695E-01  6.0506E-01  9.5000E+01
  1.1500E+00  2.2392E-14  1.1036E-14  9.3857E+01  3.3579E-01  6.2445E-01  9.5000E+01
  1.3000E+00  1.7957E-14  8.5072E-15  7.5269E+01  3.1894E-01  6.3235E-01  9.5000E+01
  1.7000E+00  1.0974E-14  4.7016E-15  4.5998E+01  2.8740E-01  6.3043E-01  9.4000E+01
  2.0000E+00  8.1352E-15  3.2317E-15  3.4100E+01  2.6761E-01  6.3514E-01  9.3000E+01
  2.2000E+00  6.7859E-15  2.5747E-15  2.8444E+01  2.5329E-01  6.4286E-01  9.2000E+01
  2.7000E+00  4.5452E-15  1.4708E-15  1.9052E+01  2.1423E-01  6.7644E-01  9.2000E+01
  3.0000E+00  9.3090E-15  1.0594E-15  3.9020E+01  2.0556E-01  7.8902E-01  9.0000E+01
  3.1000E+00  8.1076E-15  1.1980E-15  3.3984E+01  1.9594E-01  7.8753E-01  9.0000E+01
  3.2000E+00  5.5802E-15  1.1830E-15  2.3390E+01  2.0060E-01  7.5084E-01  9.1000E+01
  3.3000E+00  4.2086E-15  1.0848E-15  1.7641E+01  1.9142E-01  7.4328E-01  9.1000E+01
  3.4000E+00  3.5559E-15  9.8389E-16  1.4905E+01  1.8042E-01  7.4720E-01  9.1000E+01
  3.5000E+00  3.1971E-15  8.9430E-16  1.3401E+01  1.7108E-01  7.5402E-01  9.1000E+01
  3.6000E+00  2.9675E-15  8.1658E-16  1.2438E+01  1.6266E-01  7.6173E-01  9.0000E+01
  3.7000E+00  2.7952E-15  7.4875E-16  1.1716E+01  1.5473E-01  7.6928E-01  9.0000E+01
  3.8000E+00  2.6491E-15  6.8887E-16  1.1104E+01  1.4732E-01  7.7638E-01  9.0000E+01
  3.9000E+00  2.5264E-15  6.3527E-16  1.0590E+01  1.4051E-01  7.8326E-01  9.0000E+01
  4.0000E+00  2.4194E-15  5.8758E-16  1.0141E+01  1.3423E-01  7.8990E-01  9.0000E+01
  4.1000E+00  2.3196E-15  5.4409E-16  9.7230E+00  1.2799E-01  7.9642E-01  9.0000E+01
  4.2000E+00  2.2328E-15  5.0451E-16  9.3592E+00  1.2188E-01  8.0256E-01  8.9000E+01
  4.3000E+00  2.1621E-15  4.6808E-16  9.0625E+00  1.1593E-01  8.0851E-01  8.9000E+01
  4.4000E+00  2.1127E-15  4.3529E-16  8.8556E+00  1.1053E-01  8.1431E-01  8.9000E+01
  4.5000E+00  2.0648E-15  4.0637E-16  8.6550E+00  1.0559E-01  8.1997E-01  8.9000E+01
  5.0000E+00  1.6252E-15  2.8925E-16  6.8124E+00  7.9358E-02  8.4282E-01  8.8000E+01
  5.5000E+00  1.4274E-15  2.0562E-16  5.9833E+00  5.5537E-02  8.6113E-01  8.8000E+01
  6.0000E+00  1.4689E-15  1.5002E-16  6.1569E+00  3.7109E-02  8.7574E-01  8.7000E+01
  6.5000E+00  1.2762E-15  1.1348E-16  5.3492E+00  2.0554E-02  8.8609E-01  8.7000E+01
  7.0000E+00  1.1536E-15  8.4776E-17  4.8355E+00  4.1149E-03  8.9390E-01  8.6000E+01
  7.5000E+00  1.1188E-15  6.2933E-17  4.6896E+00 -1.3329E-02  8.9906E-01  8.6000E+01
  8.0000E+00  1.5439E-15  4.7863E-17  6.4715E+00 -2.7621E-02  9.0435E-01  8.5000E+01
  8.5000E+00  2.4041E-15  3.9596E-17  1.0077E+01 -3.1202E-02  9.1426E-01  8.5000E+01
  9.0000E+00  3.3782E-15  3.5356E-17  1.4160E+01 -2.7405E-02  9.2652E-01  8.6000E+01
  9.4000E+00  4.1112E-15  3.5191E-17  1.7233E+01 -1.8171E-02  9.3863E-01  8.6000E+01
  9.5500E+00  4.1425E-15  3.4749E-17  1.7364E+01 -1.5666E-02  9.4172E-01  8.6000E+01
  9.7000E+00  4.0604E-15  3.3789E-17  1.7020E+01 -1.4169E-02  9.4387E-01  8.6000E+01
  9.8500E+00  3.9456E-15  3.2513E-17  1.6538E+01 -1.3336E-02  9.4554E-01  8.7000E+01
  1.0000E+01  3.8402E-15  3.1129E-17  1.6097E+01 -1.2694E-02  9.4692E-01  8.7000E+01
  1.0500E+01  3.5638E-15  2.6831E-17  1.4938E+01 -8.4787E-03  9.5029E-01  8.7000E+01
  1.1000E+01  3.5080E-15  2.3216E-17  1.4704E+01 -1.7190E-03  9.5275E-01  8.8000E+01
  1.1100E+01  3.5042E-15  2.2932E-17  1.4688E+01 -6.3006E-04  9.5388E-01  8.8000E+01
  1.1200E+01  3.4735E-15  2.2651E-17  1.4560E+01  8.5286E-05  9.5495E-01  8.8000E+01
  1.1300E+01  3.4236E-15  2.2352E-17  1.4350E+01  5.5546E-04  9.5592E-01  8.8000E+01
  1.1400E+01  3.3706E-15  2.1908E-17  1.4128E+01  3.0174E-04  9.5679E-01  8.8000E+01
  1.1500E+01  3.3077E-15  2.1518E-17  1.3865E+01  2.9028E-04  9.5756E-01  8.8000E+01
  1.1600E+01  3.2171E-15  2.1401E-17  1.3485E+01  1.6481E-03  9.5824E-01  8.8000E+01
  1.1700E+01  3.1357E-15  2.1026E-17  1.3144E+01  1.7198E-03  9.5891E-01  8.8000E+01
  1.1800E+01  3.0534E-15  2.0578E-17  1.2799E+01  1.4521E-03  9.5956E-01  8.8000E+01
  1.1900E+01  2.9627E-15  2.0135E-17  1.2419E+01  1.3201E-03  9.6011E-01  8.8000E+01
  1.2000E+01  2.8650E-15  1.9650E-17  1.2009E+01  1.0616E-03  9.6056E-01  8.8000E+01
  1.2100E+01  2.7665E-15  1.9137E-17  1.1596E+01  7.0365E-04  9.6095E-01  8.8000E+01
  1.2200E+01  2.6717E-15  1.8619E-17  1.1199E+01  2.7523E-04  9.6132E-01  8.8000E+01
  1.2300E+01  2.5818E-15  1.8107E-17  1.0822E+01 -1.9107E-04  9.6170E-01  8.8000E+01
  1.2400E+01  2.4953E-15  1.7606E-17  1.0459E+01 -6.6545E-04  9.6206E-01  8.8000E+01
  1.2500E+01  2.4073E-15  1.7098E-17  1.0090E+01 -1.2041E-03  9.6238E-01  8.8000E+01
  1.2600E+01  2.3185E-15  1.6583E-17  9.7181E+00 -1.8157E-03  9.6266E-01  8.8000E+01
  1.2700E+01  2.2331E-15  1.6066E-17  9.3602E+00 -2.4970E-03  9.6292E-01  8.8000E+01
  1.2800E+01  2.1484E-15  1.5542E-17  9.0052E+00 -3.2852E-03  9.6314E-01  8.8000E+01
  1.2900E+01  2.0664E-15  1.5024E-17  8.6614E+00 -4.1456E-03  9.6336E-01  8.8000E+01
  1.3000E+01  1.9912E-15  1.4524E-17  8.3463E+00 -5.0174E-03  9.6358E-01  8.8000E+01
  1.3100E+01  1.9202E-15  1.4030E-17  8.0488E+00 -5.9762E-03  9.6380E-01  8.8000E+01
  1.3200E+01  1.8517E-15  1.3544E-17  7.7617E+00 -6.9911E-03  9.6400E-01  8.8000E+01
  1.3300E+01  1.7859E-15  1.3072E-17  7.4858E+00 -8.0124E-03  9.6420E-01  8.8000E+01
  1.3400E+01  1.7221E-15  1.2604E-17  7.2184E+00 -9.1396E-03  9.6438E-01  8.8000E+01
  1.3500E+01  1.6627E-15  1.2143E-17  6.9695E+00 -1.0359E-02  9.6454E-01  8.8000E+01
  1.4000E+01  1.4334E-15  1.0008E-17  6.0081E+00 -1.7546E-02  9.6539E-01  8.7000E+01
  1.4500E+01  1.3329E-15  8.2800E-18  5.5871E+00 -2.4813E-02  9.6623E-01  8.7000E+01
  1.5000E+01  1.3223E-15  7.0024E-18  5.5427E+00 -3.0070E-02  9.6710E-01  8.7000E+01
  1.6000E+01  1.4203E-15  5.2901E-18  5.9534E+00 -3.5696E-02  9.6914E-01  8.7000E+01
  1.7000E+01  1.5616E-15  4.3132E-18  6.5458E+00 -3.6096E-02  9.7197E-01  8.7000E+01
  1.8000E+01  1.6299E-15  3.6699E-18  6.8318E+00 -3.4241E-02  9.7486E-01  8.7000E+01
  1.9000E+01  1.6133E-15  3.1782E-18  6.7623E+00 -3.1482E-02  9.7727E-01  8.7000E+01
  2.0000E+01  1.4960E-15  2.7325E-18  6.2707E+00 -2.9806E-02  9.7902E-01  8.7000E+01
  2.2000E+01  1.2442E-15  1.9098E-18  5.2152E+00 -3.0428E-02  9.8057E-01  8.8000E+01
  2.3000E+01  1.1500E-15  1.6009E-18  4.8202E+00 -3.0753E-02  9.8107E-01  8.8000E+01
  2.4000E+01  1.0800E-15  1.3516E-18  4.5272E+00 -3.1007E-02  9.8155E-01  8.8000E+01
  2.5000E+01  1.0201E-15  1.1500E-18  4.2757E+00 -3.1371E-02  9.8200E-01  8.8000E+01
  2.6000E+01  9.6718E-16  9.8020E-19  4.0540E+00 -3.1984E-02  9.8213E-01  8.8000E+01
  2.7000E+01  9.2309E-16  8.4092E-19  3.8692E+00 -3.2437E-02  9.8220E-01  8.8000E+01
  2.8000E+01  8.8594E-16  7.2603E-19  3.7135E+00 -3.2803E-02  9.8222E-01  8.8000E+01
  3.0000E+01  8.2658E-16  5.4940E-19  3.4647E+00 -3.3245E-02  9.8220E-01  8.8000E+01
  3.5000E+01  7.6504E-16  2.9138E-19  3.2067E+00 -3.3289E-02  9.8147E-01  8.8000E+01
  4.0000E+01  8.1155E-16  1.8445E-19  3.4017E+00 -2.9836E-02  9.8206E-01  8.8000E+01
  4.5000E+01  7.7512E-16  1.3496E-19  3.2490E+00 -2.6611E-02  9.8378E-01  8.8000E+01
  5.0000E+01  5.3943E-16  9.2508E-20  2.2611E+00 -2.6366E-02  9.8332E-01  8.8000E+01
  5.5000E+01  4.1180E-16  6.3614E-20  1.7261E+00 -2.4275E-02  9.8248E-01  8.8000E+01
  6.0000E+01  3.7535E-16  4.3370E-20  1.5733E+00 -2.0963E-02  9.8123E-01  8.9000E+01
  6.5000E+01  3.2623E-16  3.3099E-20  1.3674E+00 -1.6764E-02  9.8177E-01  8.9000E+01
  7.0000E+01  2.6002E-16  2.4807E-20  1.0899E+00 -1.3264E-02  9.8182E-01  8.9000E+01
  7.5000E+01  2.1505E-16  1.8769E-20  9.0141E-01 -9.6114E-03  9.8183E-01  8.9000E+01
  8.0000E+01  1.7989E-16  1.4422E-20  7.5402E-01 -5.9023E-03  9.8207E-01  9.0000E+01
  8.5000E+01  1.5471E-16  1.1226E-20  6.4847E-01 -2.1886E-03  9.8281E-01  9.0000E+01
  9.0000E+01  1.3650E-16  8.8835E-21  5.7215E-01  1.0840E-03  9.8421E-01  9.0000E+01
  9.5000E+01  1.2159E-16  7.1255E-21  5.0964E-01  3.6935E-03  9.8586E-01  9.0000E+01
  1.0000E+02  1.0926E-16  5.7830E-21  4.5800E-01  5.9312E-03  9.8762E-01  9.0000E+01
  1.0500E+02  9.9100E-17  4.7468E-21  4.1539E-01  7.6478E-03  9.8988E-01  9.0000E+01
  1.1000E+02  9.0419E-17  3.9311E-21  3.7900E-01  8.3956E-03  9.9255E-01  9.0000E+01
  1.2000E+02  7.6618E-17  2.7631E-21  3.2115E-01  6.7792E-03  9.9701E-01  9.0000E+01
  1.3000E+02  6.5997E-17  2.0041E-21  2.7663E-01  3.5680E-03  9.9888E-01  9.0000E+01
  1.4000E+02  5.7483E-17  1.4917E-21  2.4095E-01  8.8888E-04  9.9941E-01  9.0000E+01
  1.5000E+02  4.9946E-17  1.1338E-21  2.0936E-01 -1.0435E-03  9.9953E-01  9.0000E+01
  2.0000E+02  2.5228E-17  3.5867E-22  1.0575E-01 -5.2152E-03  9.9930E-01  9.0000E+01
  2.5000E+02  1.5229E-17  1.4614E-22  6.3835E-02 -6.2406E-03  9.9914E-01  9.0000E+01
  3.0000E+02  1.0417E-17  7.0229E-23  4.3665E-02 -6.3618E-03  9.9910E-01  9.0000E+01
  4.0000E+02  5.9095E-18  2.2167E-23  2.4771E-02 -5.7639E-03  9.9914E-01  9.0000E+01
  5.0000E+02  3.8155E-18  9.0722E-24  1.5993E-02 -4.9202E-03  9.9925E-01  9.0000E+01
  7.0000E+02  1.9759E-18  2.3600E-24  8.2823E-03 -3.4688E-03  9.9945E-01  9.0000E+01
  1.0000E+03  9.8433E-19  5.6650E-25  4.1259E-03 -2.1256E-03  9.9965E-01  9.0000E+01
