  1.0000E-02  5.4647E-14  3.2368E-14  2.2906E+02  9.9634E-01  9.9731E-01  8.9000E+01
  2.0000E-02  6.8410E-14  3.7867E-14  2.8675E+02  9.7987E-01  9.8474E-01  9.3000E+01
  3.0000E-02  7.3994E-14  3.9011E-14  3.1016E+02  9.4879E-01  9.5136E-01  9.4000E+01
  4.0000E-02  7.7044E-14  4.0622E-14  3.2294E+02  9.1406E-01  8.9642E-01  9.5000E+01
  5.0000E-02  8.3093E-14  4.5434E-14  3.4829E+02  8.4817E-01  7.2649E-01  9.3000E+01
  6.0000E-02  9.3010E-14  5.3850E-14  3.8986E+02  7.7789E-01  6.9631E-01  7.4000E+01
  8.0000E-02  1.1442E-13  5.9603E-14  4.7961E+02  7.2857E-01  7.0242E-01  6.1000E+01
  1.0000E-01  1.1861E-13  5.9443E-14  4.9715E+02  6.8853E-01  5.2597E-01  6.4000E+01
  1.2000E-01  1.1890E-13  5.7272E-14  4.9839E+02  6.8335E-01  3.4770E-01  7.3000E+01
  1.5000E-01  1.0675E-13  5.1266E-14  4.4745E+02  6.4116E-01  2.4121E-01  7.5000E+01
  2.0000E-01  9.8008E-14  5.9024E-14  4.1081E+02  5.6234E-01  3.2230E-01  8.0000E+01
  2.5000E-01  9.2308E-14  5.7833E-14  3.8692E+02  4.7828E-01  3.3253E-01  8.0000E+01
  3.0000E-01  7.8953E-14  4.7424E-14  3.3094E+02  4.8321E-01  3.2475E-01  8.8000E+01
  3.6000E-01  7.0373E-14  4.1296E-14  2.9498E+02  4.8510E-01  3.2216E-01  9.0000E+01
  4.4000E-01  6.0975E-14  3.5373E-14  2.5558E+02  4.6725E-01  3.5986E-01  9.5000E+01
  5.5000E-01  4.8782E-14  2.8295E-14  2.0448E+02  4.4330E-01  4.0314E-01  9.5000E+01
  7.0000E-01  3.5721E-14  2.0266E-14  1.4973E+02  4.0655E-01  4.7718E-01  9.6000E+01
  8.5000E-01  2.6600E-14  1.4546E-14  1.1150E+02  3.7360E-01  5.3780E-01  9.6000E+01
  1.0000E+00  2.0280E-14  1.0645E-14  8.5006E+01  3.4642E-01  5.7471E-01  9.6000E+01
  1.1500E+00  1.5853E-14  7.9863E-15  6.6449E+01  3.2598E-01  5.9111E-01  9.5000E+01
  1.3000E+00  1.2701E-14  6.1469E-15  5.3237E+01  3.0986E-01  5.9641E-01  9.5000E+01
  1.7000E+00  7.7622E-15  3.4039E-15  3.2536E+01  2.7910E-01  5.9367E-01  9.4000E+01
  2.0000E+00  5.7534E-15  2.3540E-15  2.4116E+01  2.5879E-01  5.9982E-01  9.3000E+01
  2.2000E+00  4.8239E-15  1.8841E-15  2.0220E+01  2.4444E-01  6.0962E-01  9.3000E+01
  2.7000E+00  3.3064E-15  1.1483E-15  1.3859E+01  2.0746E-01  6.5233E-01  9.2000E+01
  3.0000E+00  2.7200E-15  8.7773E-16  1.1401E+01  1.8445E-01  6.8077E-01  9.1000E+01
  3.1000E+00  2.5599E-15  8.0553E-16  1.0730E+01  1.7677E-01  6.9062E-01  9.1000E+01
  3.2000E+00  2.4138E-15  7.4005E-16  1.0118E+01  1.6874E-01  6.9984E-01  9.1000E+01
  3.3000E+00  2.2805E-15  6.8119E-16  9.5589E+00  1.6132E-01  7.0870E-01  9.1000E+01
  3.4000E+00  2.1576E-15  6.2792E-16  9.0437E+00  1.5424E-01  7.1768E-01  9.0000E+01
  3.5000E+00  2.0447E-15  5.7994E-16  8.5705E+00  1.4729E-01  7.2644E-01  9.0000E+01
  3.6000E+00  1.9402E-15  5.3585E-16  8.1328E+00  1.4001E-01  7.3482E-01  9.0000E+01
  3.7000E+00  1.8437E-15  4.9556E-16  7.7279E+00  1.3293E-01  7.4257E-01  9.0000E+01
  3.8000E+00  1.7546E-15  4.5903E-16  7.3547E+00  1.2641E-01  7.4988E-01  9.0000E+01
  3.9000E+00  1.6720E-15  4.2548E-16  7.0085E+00  1.2004E-01  7.5722E-01  8.9000E+01
  4.0000E+00  1.5956E-15  3.9505E-16  6.6883E+00  1.1392E-01  7.6431E-01  8.9000E+01
  4.1000E+00  1.5243E-15  3.6690E-16  6.3894E+00  1.0765E-01  7.7115E-01  8.9000E+01
  4.2000E+00  1.4577E-15  3.4109E-16  6.1099E+00  1.0151E-01  7.7745E-01  8.9000E+01
  4.3000E+00  1.3952E-15  3.1735E-16  5.8483E+00  9.5668E-02  7.8337E-01  8.9000E+01
  4.4000E+00  1.3371E-15  2.9553E-16  5.6047E+00  9.0144E-02  7.8913E-01  8.9000E+01
  4.5000E+00  1.2829E-15  2.7538E-16  5.3773E+00  8.4708E-02  7.9493E-01  8.9000E+01
  5.0000E+00  1.0607E-15  1.9526E-16  4.4462E+00  5.8410E-02  8.2022E-01  8.8000E+01
  5.5000E+00  9.0142E-16  1.4079E-16  3.7784E+00  3.4873E-02  8.4001E-01  8.7000E+01
  6.0000E+00  7.8829E-16  1.0306E-16  3.3042E+00  1.4526E-02  8.5424E-01  8.6000E+01
  6.5000E+00  7.0337E-16  7.6328E-17  2.9483E+00 -3.3745E-03  8.6476E-01  8.6000E+01
  7.0000E+00  6.3356E-16  5.6816E-17  2.6556E+00 -2.0351E-02  8.7343E-01  8.5000E+01
  7.5000E+00  6.3361E-16  4.2166E-17  2.6559E+00 -3.7948E-02  8.7900E-01  8.5000E+01
  8.0000E+00  9.7736E-16  3.2350E-17  4.0967E+00 -5.0394E-02  8.8587E-01  8.4000E+01
  8.5000E+00  1.6340E-15  2.7682E-17  6.8490E+00 -4.8720E-02  8.9950E-01  8.4000E+01
  9.0000E+00  2.3402E-15  2.5771E-17  9.8093E+00 -3.9463E-02  9.1616E-01  8.5000E+01
  9.4000E+00  2.8250E-15  2.6366E-17  1.1841E+01 -2.6991E-02  9.3073E-01  8.6000E+01
  9.5500E+00  2.8242E-15  2.6158E-17  1.1838E+01 -2.4031E-02  9.3434E-01  8.6000E+01
  9.7000E+00  2.7469E-15  2.5541E-17  1.1514E+01 -2.2289E-02  9.3685E-01  8.6000E+01
  9.8500E+00  2.6512E-15  2.4711E-17  1.1113E+01 -2.1260E-02  9.3878E-01  8.6000E+01
  1.0000E+01  2.5607E-15  2.3861E-17  1.0734E+01 -2.0453E-02  9.4050E-01  8.6000E+01
  1.0500E+01  2.2313E-15  2.1465E-17  9.3527E+00 -1.7089E-02  9.4582E-01  8.7000E+01
  1.1000E+01  1.8036E-15  1.8065E-17  7.5598E+00 -1.7118E-02  9.4752E-01  8.7000E+01
  1.1100E+01  1.7383E-15  1.7443E-17  7.2865E+00 -1.7268E-02  9.4785E-01  8.7000E+01
  1.1200E+01  1.6746E-15  1.6829E-17  7.0195E+00 -1.7484E-02  9.4814E-01  8.7000E+01
  1.1300E+01  1.6131E-15  1.6231E-17  6.7617E+00 -1.7710E-02  9.4839E-01  8.7000E+01
  1.1400E+01  1.5619E-15  1.5574E-17  6.5470E+00 -1.8654E-02  9.4872E-01  8.7000E+01
  1.1500E+01  1.5124E-15  1.5002E-17  6.3395E+00 -1.9095E-02  9.4894E-01  8.7000E+01
  1.1600E+01  1.4494E-15  1.4670E-17  6.0754E+00 -1.7527E-02  9.4891E-01  8.7000E+01
  1.1700E+01  1.3997E-15  1.4184E-17  5.8669E+00 -1.7598E-02  9.4915E-01  8.7000E+01
  1.1800E+01  1.3522E-15  1.3672E-17  5.6678E+00 -1.8097E-02  9.4948E-01  8.7000E+01
  1.1900E+01  1.3022E-15  1.3191E-17  5.4583E+00 -1.8364E-02  9.4969E-01  8.7000E+01
  1.2000E+01  1.2517E-15  1.2708E-17  5.2466E+00 -1.8739E-02  9.4984E-01  8.7000E+01
  1.2100E+01  1.2043E-15  1.2234E-17  5.0478E+00 -1.9192E-02  9.4997E-01  8.7000E+01
  1.2200E+01  1.1611E-15  1.1778E-17  4.8670E+00 -1.9702E-02  9.5012E-01  8.7000E+01
  1.2300E+01  1.1220E-15  1.1347E-17  4.7029E+00 -2.0238E-02  9.5031E-01  8.7000E+01
  1.2400E+01  1.0858E-15  1.0940E-17  4.5515E+00 -2.0759E-02  9.5052E-01  8.7000E+01
  1.2500E+01  1.0495E-15  1.0546E-17  4.3990E+00 -2.1339E-02  9.5072E-01  8.7000E+01
  1.2600E+01  1.0129E-15  1.0161E-17  4.2456E+00 -2.2007E-02  9.5087E-01  8.7000E+01
  1.2700E+01  9.7873E-16  9.7836E-18  4.1024E+00 -2.2762E-02  9.5103E-01  8.7000E+01
  1.2800E+01  9.4472E-16  9.4111E-18  3.9599E+00 -2.3662E-02  9.5116E-01  8.7000E+01
  1.2900E+01  9.1205E-16  9.0502E-18  3.8230E+00 -2.4651E-02  9.5128E-01  8.7000E+01
  1.3000E+01  8.8303E-16  8.7087E-18  3.7013E+00 -2.5645E-02  9.5143E-01  8.7000E+01
  1.3100E+01  8.5632E-16  8.3783E-18  3.5894E+00 -2.6735E-02  9.5158E-01  8.7000E+01
  1.3200E+01  8.3126E-16  8.0611E-18  3.4843E+00 -2.7864E-02  9.5173E-01  8.7000E+01
  1.3300E+01  8.0746E-16  7.7593E-18  3.3846E+00 -2.8977E-02  9.5189E-01  8.7000E+01
  1.3400E+01  7.8423E-16  7.4635E-18  3.2872E+00 -3.0219E-02  9.5203E-01  8.7000E+01
  1.3500E+01  7.6204E-16  7.1733E-18  3.1942E+00 -3.1600E-02  9.5214E-01  8.7000E+01
  1.4000E+01  6.8946E-16  5.8528E-18  2.8900E+00 -3.9763E-02  9.5274E-01  8.6000E+01
  1.4500E+01  6.9416E-16  4.8452E-18  2.9096E+00 -4.7202E-02  9.5349E-01  8.6000E+01
  1.5000E+01  7.3840E-16  4.1368E-18  3.0951E+00 -5.1564E-02  9.5458E-01  8.6000E+01
  1.6000E+01  8.5519E-16  3.2072E-18  3.5846E+00 -5.4446E-02  9.5765E-01  8.6000E+01
  1.7000E+01  9.7268E-16  2.6742E-18  4.0771E+00 -5.1712E-02  9.6172E-01  8.6000E+01
  1.8000E+01  1.0377E-15  2.3342E-18  4.3495E+00 -4.6461E-02  9.6583E-01  8.6000E+01
  1.9000E+01  1.0199E-15  2.0542E-18  4.2748E+00 -4.1661E-02  9.6941E-01  8.7000E+01
  2.0000E+01  9.3672E-16  1.7639E-18  3.9264E+00 -3.9219E-02  9.7176E-01  8.7000E+01
  2.2000E+01  7.8877E-16  1.2479E-18  3.3062E+00 -3.8496E-02  9.7392E-01  8.7000E+01
  2.3000E+01  7.2892E-16  1.0538E-18  3.0553E+00 -3.8391E-02  9.7467E-01  8.7000E+01
  2.4000E+01  6.8259E-16  8.9617E-19  2.8611E+00 -3.8300E-02  9.7541E-01  8.7000E+01
  2.5000E+01  6.4210E-16  7.6795E-19  2.6914E+00 -3.8381E-02  9.7612E-01  8.7000E+01
  2.6000E+01  6.0557E-16  6.5938E-19  2.5383E+00 -3.8799E-02  9.7643E-01  8.7000E+01
  2.7000E+01  5.7326E-16  5.6975E-19  2.4029E+00 -3.9089E-02  9.7665E-01  8.7000E+01
  2.8000E+01  5.4475E-16  4.9542E-19  2.2834E+00 -3.9312E-02  9.7683E-01  8.7000E+01
  3.0000E+01  4.9610E-16  3.8056E-19  2.0795E+00 -3.9491E-02  9.7711E-01  8.7000E+01
  3.5000E+01  4.0056E-16  2.1056E-19  1.6790E+00 -3.9596E-02  9.7720E-01  8.7000E+01
  4.0000E+01  3.2714E-16  1.2630E-19  1.3712E+00 -3.8859E-02  9.7703E-01  8.8000E+01
  4.5000E+01  2.6681E-16  8.0247E-20  1.1184E+00 -3.8053E-02  9.7628E-01  8.8000E+01
  5.0000E+01  2.1918E-16  5.3252E-20  9.1870E-01 -3.6396E-02  9.7457E-01  8.8000E+01
  5.5000E+01  1.8177E-16  3.6633E-20  7.6191E-01 -3.2944E-02  9.7325E-01  8.8000E+01
  6.0000E+01  1.5236E-16  2.5976E-20  6.3865E-01 -2.8662E-02  9.7222E-01  8.8000E+01
  6.5000E+01  1.2907E-16  1.8906E-20  5.4100E-01 -2.3916E-02  9.7152E-01  8.9000E+01
  7.0000E+01  1.1041E-16  1.4074E-20  4.6278E-01 -1.8918E-02  9.7144E-01  8.9000E+01
  7.5000E+01  9.5381E-17  1.0684E-20  3.9980E-01 -1.3867E-02  9.7161E-01  8.9000E+01
  8.0000E+01  8.3086E-17  8.2523E-21  3.4827E-01 -8.8199E-03  9.7198E-01  8.9000E+01
  8.5000E+01  7.2971E-17  6.4711E-21  3.0587E-01 -3.9135E-03  9.7326E-01  9.0000E+01
  9.0000E+01  6.4568E-17  5.1423E-21  2.7064E-01  3.1820E-04  9.7555E-01  9.0000E+01
  9.5000E+01  5.7567E-17  4.1357E-21  2.4130E-01  3.6898E-03  9.7817E-01  9.0000E+01
  1.0000E+02  5.1632E-17  3.3629E-21  2.1642E-01  6.5746E-03  9.8091E-01  9.0000E+01
  1.0500E+02  4.6576E-17  2.7610E-21  1.9523E-01  8.8057E-03  9.8441E-01  9.0000E+01
  1.1000E+02  4.2286E-17  2.2866E-21  1.7725E-01  9.8338E-03  9.8857E-01  9.1000E+01
  1.2000E+02  3.5573E-17  1.6075E-21  1.4911E-01  7.9940E-03  9.9540E-01  9.0000E+01
  1.3000E+02  3.0614E-17  1.1652E-21  1.2832E-01  4.1119E-03  9.9827E-01  9.0000E+01
  1.4000E+02  2.6655E-17  8.6697E-22  1.1173E-01  8.4228E-04  9.9909E-01  9.0000E+01
  1.5000E+02  2.3129E-17  6.5877E-22  9.6948E-02 -1.5212E-03  9.9927E-01  9.0000E+01
  2.0000E+02  1.2510E-17  2.0838E-22  5.2437E-02 -6.6015E-03  9.9891E-01  9.0000E+01
  2.5000E+02  7.9413E-18  8.5292E-23  3.3287E-02 -7.8151E-03  9.9868E-01  9.0000E+01
  3.0000E+02  5.5084E-18  4.1107E-23  2.3089E-02 -7.9347E-03  9.9861E-01  9.0000E+01
  4.0000E+02  3.1069E-18  1.3000E-23  1.3023E-02 -7.1703E-03  9.9869E-01  9.0000E+01
  5.0000E+02  1.9957E-18  5.3235E-24  8.3652E-03 -6.1154E-03  9.9884E-01  9.0000E+01
  7.0000E+02  1.0244E-18  1.3852E-24  4.2938E-03 -4.3093E-03  9.9915E-01  9.0000E+01
  1.0000E+03  5.0442E-19  3.3250E-25  2.1143E-03 -2.6404E-03  9.9946E-01  9.0000E+01
  3.6000e+04  6.3810e-19  3.3251e-25  2.0561e-06 -2.6403e-03  9.9946e-01  9.0000e+01
