  5.0000E-02  1.9310E-13  7.0051E-14  8.0940E+02  7.5234E-01  9.0657E-01  8.5000E+01
  6.0000E-02  2.4684E-13  8.4201E-14  1.0347E+03  6.6533E-01  8.9828E-01  8.2000E+01
  8.0000E-02  3.4677E-13  1.0099E-13  1.4535E+03  5.5642E-01  8.2233E-01  8.2000E+01
  1.0000E-01  2.8835E-13  9.3826E-14  1.2086E+03  5.4440E-01  7.1330E-01  8.7000E+01
  1.2000E-01  2.0754E-13  7.7951E-14  8.6993E+02  6.0824E-01  5.6824E-01  9.3000E+01
  1.5000E-01  1.6089E-13  6.4840E-14  6.7438E+02  6.2184E-01  3.5144E-01  8.9000E+01
  2.0000E-01  1.5659E-13  6.7997E-14  6.5635E+02  5.5044E-01  3.4516E-01  8.9000E+01
  2.5000E-01  1.3393E-13  6.7464E-14  5.6139E+02  4.7493E-01  3.6880E-01  8.1000E+01
  3.0000E-01  1.0396E-13  5.4442E-14  4.3576E+02  4.8529E-01  3.4779E-01  9.0000E+01
  3.6000E-01  8.8781E-14  4.7122E-14  3.7214E+02  4.8893E-01  3.4903E-01  8.9000E+01
  4.4000E-01  7.5300E-14  4.0512E-14  3.1563E+02  4.7240E-01  3.7518E-01  9.4000E+01
  5.5000E-01  5.9617E-14  3.2541E-14  2.4989E+02  4.4850E-01  4.2015E-01  9.5000E+01
  7.0000E-01  4.3677E-14  2.3442E-14  1.8308E+02  4.1105E-01  4.9359E-01  9.6000E+01
  8.5000E-01  3.2638E-14  1.6939E-14  1.3681E+02  3.7846E-01  5.5254E-01  9.6000E+01
  1.0000E+00  2.4941E-14  1.2439E-14  1.0454E+02  3.5097E-01  5.9014E-01  9.6000E+01
  1.1500E+00  1.9535E-14  9.3503E-15  8.1884E+01  3.3022E-01  6.0808E-01  9.5000E+01
  1.3000E+00  1.5680E-14  7.2015E-15  6.5725E+01  3.1385E-01  6.1463E-01  9.5000E+01
  1.7000E+00  9.6215E-15  3.9830E-15  4.0330E+01  2.8281E-01  6.1227E-01  9.4000E+01
  2.0000E+00  7.1535E-15  2.7460E-15  2.9985E+01  2.6276E-01  6.1772E-01  9.3000E+01
  2.2000E+00  5.9950E-15  2.1932E-15  2.5129E+01  2.4847E-01  6.2646E-01  9.3000E+01
  2.7000E+00  4.0824E-15  1.2953E-15  1.7112E+01  2.1054E-01  6.6445E-01  9.2000E+01
  3.0000E+00  5.7729E-15  9.5802E-16  2.4198E+01  1.9539E-01  7.3867E-01  9.1000E+01
  3.1000E+00  5.0746E-15  9.7342E-16  2.1271E+01  1.8603E-01  7.4455E-01  9.1000E+01
  3.2000E+00  3.9392E-15  9.3068E-16  1.6512E+01  1.8470E-01  7.2657E-01  9.1000E+01
  3.3000E+00  3.2806E-15  8.5528E-16  1.3751E+01  1.7594E-01  7.2675E-01  9.1000E+01
  3.4000E+00  2.9289E-15  7.8195E-16  1.2277E+01  1.6693E-01  7.3301E-01  9.1000E+01
  3.5000E+00  2.7061E-15  7.1644E-16  1.1343E+01  1.5878E-01  7.4082E-01  9.0000E+01
  3.6000E+00  2.5425E-15  6.5814E-16  1.0657E+01  1.5092E-01  7.4894E-01  9.0000E+01
  3.7000E+00  2.4078E-15  6.0609E-16  1.0092E+01  1.4335E-01  7.5660E-01  9.0000E+01
  3.8000E+00  2.2888E-15  5.5955E-16  9.5938E+00  1.3639E-01  7.6375E-01  9.0000E+01
  3.9000E+00  2.1839E-15  5.1736E-16  9.1540E+00  1.2983E-01  7.7080E-01  9.0000E+01
  4.0000E+00  2.0894E-15  4.7946E-16  8.7579E+00  1.2364E-01  7.7761E-01  9.0000E+01
  4.1000E+00  2.0013E-15  4.4466E-16  8.3886E+00  1.1740E-01  7.8432E-01  8.9000E+01
  4.2000E+00  1.9215E-15  4.1286E-16  8.0544E+00  1.1125E-01  7.9060E-01  8.9000E+01
  4.3000E+00  1.8513E-15  3.8360E-16  7.7598E+00  1.0534E-01  7.9651E-01  8.9000E+01
  4.4000E+00  1.7928E-15  3.5699E-16  7.5149E+00  9.9893E-02  8.0225E-01  8.9000E+01
  4.5000E+00  1.7375E-15  3.3296E-16  7.2828E+00  9.4722E-02  8.0797E-01  8.9000E+01
  5.0000E+00  1.4073E-15  2.3650E-16  5.8987E+00  6.8449E-02  8.3209E-01  8.8000E+01
  5.5000E+00  1.2201E-15  1.6935E-16  5.1143E+00  4.4810E-02  8.5098E-01  8.7000E+01
  6.0000E+00  1.1649E-15  1.2377E-16  4.8828E+00  2.5454E-02  8.6537E-01  8.7000E+01
  6.5000E+00  1.0276E-15  9.2611E-17  4.3073E+00  8.2353E-03  8.7587E-01  8.6000E+01
  7.0000E+00  9.2992E-16  6.9057E-17  3.8978E+00 -8.4225E-03  8.8405E-01  8.6000E+01
  7.5000E+00  9.1908E-16  5.1254E-17  3.8524E+00 -2.5925E-02  8.8951E-01  8.5000E+01
  8.0000E+00  1.3514E-15  3.9144E-17  5.6645E+00 -3.9310E-02  8.9540E-01  8.5000E+01
  8.5000E+00  2.1944E-15  3.2929E-17  9.1981E+00 -4.0335E-02  9.0710E-01  8.5000E+01
  9.0000E+00  3.1226E-15  3.0020E-17  1.3089E+01 -3.3840E-02  9.2144E-01  8.5000E+01
  9.4000E+00  3.7907E-15  3.0305E-17  1.5889E+01 -2.2917E-02  9.3474E-01  8.6000E+01
  9.5500E+00  3.8053E-15  3.0003E-17  1.5950E+01 -2.0148E-02  9.3809E-01  8.6000E+01
  9.7000E+00  3.7156E-15  2.9243E-17  1.5575E+01 -1.8497E-02  9.4042E-01  8.6000E+01
  9.8500E+00  3.5982E-15  2.8221E-17  1.5082E+01 -1.7543E-02  9.4217E-01  8.6000E+01
  1.0000E+01  3.4883E-15  2.7142E-17  1.4621E+01 -1.6797E-02  9.4367E-01  8.7000E+01
  1.0500E+01  3.1345E-15  2.3911E-17  1.3139E+01 -1.2982E-02  9.4805E-01  8.7000E+01
  1.1000E+01  2.8097E-15  2.0389E-17  1.1777E+01 -9.6662E-03  9.5007E-01  8.7000E+01
  1.1100E+01  2.7608E-15  1.9910E-17  1.1572E+01 -9.1881E-03  9.5078E-01  8.7000E+01
  1.1200E+01  2.7005E-15  1.9434E-17  1.1320E+01 -8.9244E-03  9.5146E-01  8.7000E+01
  1.1300E+01  2.6332E-15  1.8957E-17  1.1037E+01 -8.7863E-03  9.5209E-01  8.7000E+01
  1.1400E+01  2.5721E-15  1.8382E-17  1.0781E+01 -9.3697E-03  9.5272E-01  8.7000E+01
  1.1500E+01  2.5079E-15  1.7879E-17  1.0512E+01 -9.5806E-03  9.5324E-01  8.7000E+01
  1.1600E+01  2.4217E-15  1.7630E-17  1.0151E+01 -8.1072E-03  9.5355E-01  8.7000E+01
  1.1700E+01  2.3494E-15  1.7181E-17  9.8479E+00 -8.0964E-03  9.5403E-01  8.7000E+01
  1.1800E+01  2.2786E-15  1.6686E-17  9.5510E+00 -8.4696E-03  9.5455E-01  8.7000E+01
  1.1900E+01  2.2026E-15  1.6210E-17  9.2323E+00 -8.6607E-03  9.5497E-01  8.8000E+01
  1.2000E+01  2.1233E-15  1.5715E-17  8.8999E+00 -8.9702E-03  9.5530E-01  8.8000E+01
  1.2100E+01  2.0461E-15  1.5215E-17  8.5764E+00 -9.3707E-03  9.5559E-01  8.8000E+01
  1.2200E+01  1.9737E-15  1.4723E-17  8.2732E+00 -9.8362E-03  9.5587E-01  8.8000E+01
  1.2300E+01  1.9065E-15  1.4249E-17  7.9914E+00 -1.0335E-02  9.5617E-01  8.8000E+01
  1.2400E+01  1.8432E-15  1.3795E-17  7.7259E+00 -1.0831E-02  9.5648E-01  8.8000E+01
  1.2500E+01  1.7791E-15  1.3345E-17  7.4572E+00 -1.1389E-02  9.5675E-01  8.7000E+01
  1.2600E+01  1.7146E-15  1.2899E-17  7.1869E+00 -1.2029E-02  9.5699E-01  8.7000E+01
  1.2700E+01  1.6534E-15  1.2457E-17  6.9304E+00 -1.2747E-02  9.5723E-01  8.7000E+01
  1.2800E+01  1.5927E-15  1.2015E-17  6.6759E+00 -1.3591E-02  9.5743E-01  8.7000E+01
  1.2900E+01  1.5341E-15  1.1583E-17  6.4305E+00 -1.4516E-02  9.5763E-01  8.7000E+01
  1.3000E+01  1.4812E-15  1.1171E-17  6.2086E+00 -1.5448E-02  9.5785E-01  8.7000E+01
  1.3100E+01  1.4317E-15  1.0768E-17  6.0013E+00 -1.6473E-02  9.5806E-01  8.7000E+01
  1.3200E+01  1.3846E-15  1.0376E-17  5.8038E+00 -1.7546E-02  9.5827E-01  8.7000E+01
  1.3300E+01  1.3396E-15  1.0000E-17  5.6151E+00 -1.8613E-02  9.5848E-01  8.7000E+01
  1.3400E+01  1.2958E-15  9.6300E-18  5.4316E+00 -1.9798E-02  9.5867E-01  8.7000E+01
  1.3500E+01  1.2547E-15  9.2662E-18  5.2591E+00 -2.1098E-02  9.5884E-01  8.7000E+01
  1.4000E+01  1.1056E-15  7.5958E-18  4.6343E+00 -2.8764E-02  9.5956E-01  8.7000E+01
  1.4500E+01  1.0676E-15  6.2848E-18  4.4751E+00 -3.6124E-02  9.6019E-01  8.6000E+01
  1.5000E+01  1.0964E-15  5.3395E-18  4.5955E+00 -4.0964E-02  9.6126E-01  8.6000E+01
  1.6000E+01  1.2245E-15  4.0854E-18  5.1326E+00 -4.5292E-02  9.6380E-01  8.6000E+01
  1.7000E+01  1.3715E-15  3.3676E-18  5.7490E+00 -4.4187E-02  9.6708E-01  8.6000E+01
  1.8000E+01  1.4502E-15  2.9027E-18  6.0786E+00 -4.0644E-02  9.7056E-01  8.7000E+01
  1.9000E+01  1.4321E-15  2.5358E-18  6.0029E+00 -3.6813E-02  9.7357E-01  8.7000E+01
  2.0000E+01  1.3227E-15  2.1796E-18  5.5443E+00 -3.4710E-02  9.7561E-01  8.7000E+01
  2.2000E+01  1.1088E-15  1.5336E-18  4.6475E+00 -3.4609E-02  9.7741E-01  8.7000E+01
  2.3000E+01  1.0252E-15  1.2907E-18  4.2974E+00 -3.4702E-02  9.7800E-01  8.7000E+01
  2.4000E+01  9.6189E-16  1.0939E-18  4.0319E+00 -3.4770E-02  9.7858E-01  8.7000E+01
  2.5000E+01  9.0701E-16  9.3419E-19  3.8018E+00 -3.4982E-02  9.7913E-01  8.7000E+01
  2.6000E+01  8.5797E-16  7.9931E-19  3.5963E+00 -3.5489E-02  9.7934E-01  8.7000E+01
  2.7000E+01  8.1574E-16  6.8829E-19  3.4193E+00 -3.5853E-02  9.7946E-01  8.7000E+01
  2.8000E+01  7.7923E-16  5.9645E-19  3.2662E+00 -3.6142E-02  9.7956E-01  8.8000E+01
  3.0000E+01  7.1867E-16  4.5486E-19  3.0124E+00 -3.6442E-02  9.7970E-01  8.8000E+01
  3.5000E+01  6.2365E-16  2.4653E-19  2.6141E+00 -3.6505E-02  9.7939E-01  8.8000E+01
  4.0000E+01  5.8998E-16  1.5181E-19  2.4730E+00 -3.4391E-02  9.7967E-01  8.8000E+01
  4.5000E+01  5.2494E-16  1.0332E-19  2.2004E+00 -3.2254E-02  9.8036E-01  8.8000E+01
  5.0000E+01  3.8996E-16  6.9625E-20  1.6345E+00 -3.1291E-02  9.7934E-01  8.8000E+01
  5.5000E+01  3.0889E-16  4.7888E-20  1.2948E+00 -2.8533E-02  9.7827E-01  8.8000E+01
  6.0000E+01  2.7182E-16  3.3323E-20  1.1394E+00 -2.4738E-02  9.7695E-01  8.8000E+01
  6.5000E+01  2.3315E-16  2.4815E-20  9.7727E-01 -2.0245E-02  9.7709E-01  8.9000E+01
  7.0000E+01  1.9167E-16  1.8534E-20  8.0342E-01 -1.6017E-02  9.7709E-01  8.9000E+01
  7.5000E+01  1.6176E-16  1.4047E-20  6.7803E-01 -1.1685E-02  9.7716E-01  8.9000E+01
  8.0000E+01  1.3795E-16  1.0824E-20  5.7822E-01 -7.3260E-03  9.7742E-01  9.0000E+01
  8.5000E+01  1.1988E-16  8.4575E-21  5.0251E-01 -3.0303E-03  9.7843E-01  9.0000E+01
  9.0000E+01  1.0597E-16  6.7075E-21  4.4419E-01  7.1186E-04  9.8023E-01  9.0000E+01
  9.5000E+01  9.4472E-17  5.3877E-21  3.9599E-01  3.6944E-03  9.8233E-01  9.0000E+01
  1.0000E+02  8.4852E-17  4.3771E-21  3.5567E-01  6.2487E-03  9.8454E-01  9.0000E+01
  1.0500E+02  7.6788E-17  3.5934E-21  3.2187E-01  8.2165E-03  9.8737E-01  9.0000E+01
  1.1000E+02  6.9919E-17  2.9761E-21  2.9307E-01  9.1003E-03  9.9070E-01  9.0000E+01
  1.2000E+02  5.9073E-17  2.0922E-21  2.4761E-01  7.3722E-03  9.9627E-01  9.0000E+01
  1.3000E+02  5.0878E-17  1.5170E-21  2.1326E-01  3.8316E-03  9.9860E-01  9.0000E+01
  1.4000E+02  4.4315E-17  1.1290E-21  1.8575E-01  8.6344E-04  9.9927E-01  9.0000E+01
  1.5000E+02  3.8479E-17  8.5798E-22  1.6129E-01 -1.2798E-03  9.9941E-01  9.0000E+01
  2.0000E+02  2.0065E-17  2.7141E-22  8.4104E-02 -5.8953E-03  9.9912E-01  9.0000E+01
  2.5000E+02  1.2409E-17  1.1084E-22  5.2015E-02 -7.0127E-03  9.9893E-01  9.0000E+01
  3.0000E+02  8.5435E-18  5.3347E-23  3.5811E-02 -7.1330E-03  9.9887E-01  9.0000E+01
  4.0000E+02  4.8287E-18  1.6855E-23  2.0240E-02 -6.4532E-03  9.9893E-01  9.0000E+01
  5.0000E+02  3.1077E-18  6.9003E-24  1.3026E-02 -5.5059E-03  9.9906E-01  9.0000E+01
  7.0000E+02  1.6009E-18  1.7952E-24  6.7105E-03 -3.8806E-03  9.9931E-01  9.0000E+01
  1.0000E+03  7.9248E-19  4.3094E-25  3.3218E-03 -2.3777E-03  9.9956E-01  9.0000E+01
