1.1000e-02 1.6907e-13 6.3083e-14 7.0866e+02 7.2517e-01 8.7469e-01 8.4000e+01 
1.1454e-02 1.6907e-13 6.3083e-14 7.0866e+02 7.2517e-01 8.7469e-01 8.4000e+01 
1.1926e-02 1.6907e-13 6.3083e-14 7.0866e+02 7.2517e-01 8.7469e-01 8.4000e+01 
1.2418e-02 1.6907e-13 6.3083e-14 7.0866e+02 7.2517e-01 8.7469e-01 8.4000e+01 
1.2930e-02 1.6907e-13 6.3083e-14 7.0866e+02 7.2517e-01 8.7469e-01 8.4000e+01 
1.3463e-02 1.6907e-13 6.3083e-14 7.0866e+02 7.2517e-01 8.7469e-01 8.4000e+01 
1.4019e-02 1.6907e-13 6.3083e-14 7.0866e+02 7.2517e-01 8.7469e-01 8.4000e+01 
1.4597e-02 1.6907e-13 6.3083e-14 7.0866e+02 7.2517e-01 8.7469e-01 8.4000e+01 
1.5199e-02 1.6907e-13 6.3083e-14 7.0866e+02 7.2517e-01 8.7469e-01 8.4000e+01 
1.5826e-02 1.6907e-13 6.3083e-14 7.0866e+02 7.2517e-01 8.7469e-01 8.4000e+01 
1.6478e-02 1.6907e-13 6.3083e-14 7.0866e+02 7.2517e-01 8.7469e-01 8.4000e+01 
1.7158e-02 1.6907e-13 6.3083e-14 7.0866e+02 7.2517e-01 8.7469e-01 8.4000e+01 
1.7865e-02 1.6907e-13 6.3083e-14 7.0866e+02 7.2517e-01 8.7469e-01 8.4000e+01 
1.8602e-02 1.6907e-13 6.3083e-14 7.0866e+02 7.2517e-01 8.7469e-01 8.4000e+01 
1.9369e-02 1.6907e-13 6.3083e-14 7.0866e+02 7.2517e-01 8.7469e-01 8.4000e+01 
2.0168e-02 1.6907e-13 6.3083e-14 7.0866e+02 7.2517e-01 8.7469e-01 8.4000e+01 
2.1000e-02 1.6907e-13 6.3083e-14 7.0866e+02 7.2517e-01 8.7469e-01 8.4000e+01 
2.2048e-02 1.6907e-13 6.3083e-14 7.0866e+02 7.2517e-01 8.7469e-01 8.4000e+01 
2.3148e-02 1.6907e-13 6.3083e-14 7.0866e+02 7.2517e-01 8.7469e-01 8.4000e+01 
2.4302e-02 1.6907e-13 6.3083e-14 7.0866e+02 7.2517e-01 8.7469e-01 8.4000e+01 
2.5515e-02 1.6907e-13 6.3083e-14 7.0866e+02 7.2517e-01 8.7469e-01 8.4000e+01 
2.6788e-02 1.6907e-13 6.3083e-14 7.0866e+02 7.2517e-01 8.7469e-01 8.4000e+01 
2.8124e-02 1.6907e-13 6.3083e-14 7.0866e+02 7.2517e-01 8.7469e-01 8.4000e+01 
2.9527e-02 1.6907e-13 6.3083e-14 7.0866e+02 7.2517e-01 8.7469e-01 8.4000e+01 
3.1000e-02 1.6907e-13 6.3083e-14 7.0866e+02 7.2517e-01 8.7469e-01 8.4000e+01 
3.2103e-02 1.6907e-13 6.3083e-14 7.0866e+02 7.2517e-01 8.7469e-01 8.4000e+01 
3.3244e-02 1.6907e-13 6.3083e-14 7.0866e+02 7.2517e-01 8.7469e-01 8.4000e+01 
3.4427e-02 1.6907e-13 6.3083e-14 7.0866e+02 7.2517e-01 8.7469e-01 8.4000e+01 
3.5651e-02 1.6907e-13 6.3083e-14 7.0866e+02 7.2517e-01 8.7469e-01 8.4000e+01 
3.6919e-02 1.6907e-13 6.3083e-14 7.0866e+02 7.2517e-01 8.7469e-01 8.4000e+01 
3.8232e-02 1.6907e-13 6.3083e-14 7.0866e+02 7.2517e-01 8.7469e-01 8.4000e+01 
3.9592e-02 1.6907e-13 6.3083e-14 7.0866e+02 7.2517e-01 8.7469e-01 8.4000e+01 
4.1000e-02 1.6907e-13 6.3083e-14 7.0866e+02 7.2517e-01 8.7469e-01 8.4000e+01 
4.3299e-02 1.6907e-13 6.3083e-14 7.0866e+02 7.2517e-01 8.7469e-01 8.4000e+01 
4.5727e-02 1.6907e-13 6.3083e-14 7.0866e+02 7.2517e-01 8.7469e-01 8.4000e+01 
4.8292e-02 1.6907e-13 6.3083e-14 7.0866e+02 7.2517e-01 8.7469e-01 8.4000e+01 
5.1000e-02 1.6907e-13 6.3083e-14 7.0866e+02 7.2517e-01 8.7469e-01 8.4000e+01 
5.3115e-02 1.7973e-13 6.6571e-14 7.5336e+02 7.0317e-01 8.7021e-01 8.3250e+01 
5.5317e-02 1.9107e-13 7.0251e-14 8.0088e+02 6.8117e-01 8.6573e-01 8.2500e+01 
5.7611e-02 2.0312e-13 7.4135e-14 8.5140e+02 6.5916e-01 8.6125e-01 8.1750e+01 
6.0000e-02 2.1593e-13 7.8234e-14 9.0510e+02 6.3716e-01 8.5677e-01 8.1000e+01 
6.2197e-02 2.2625e-13 8.0263e-14 9.4837e+02 6.2352e-01 8.4646e-01 8.0875e+01 
6.4474e-02 2.3707e-13 8.2345e-14 9.9372e+02 6.0988e-01 8.3615e-01 8.0750e+01 
6.6835e-02 2.4840e-13 8.4480e-14 1.0412e+03 5.9624e-01 8.2584e-01 8.0625e+01 
6.9282e-02 2.6028e-13 8.6671e-14 1.0910e+03 5.8259e-01 8.1553e-01 8.0500e+01 
7.1819e-02 2.7272e-13 8.8919e-14 1.1432e+03 5.6895e-01 8.0522e-01 8.0375e+01 
7.4448e-02 2.8576e-13 9.1225e-14 1.1978e+03 5.5531e-01 7.9491e-01 8.0250e+01 
7.7174e-02 2.9942e-13 9.3591e-14 1.2551e+03 5.4167e-01 7.8460e-01 8.0125e+01 
8.0000e-02 3.1374e-13 9.6018e-14 1.3151e+03 5.2803e-01 7.7429e-01 8.0000e+01 
8.4590e-02 2.9795e-13 9.3496e-14 1.2489e+03 5.2656e-01 7.4786e-01 8.1500e+01 
8.9443e-02 2.8295e-13 9.1041e-14 1.1860e+03 5.2509e-01 7.2142e-01 8.3000e+01 
9.4574e-02 2.6871e-13 8.8650e-14 1.1263e+03 5.2361e-01 6.9499e-01 8.4500e+01 
1.0000e-01 2.5518e-13 8.6322e-14 1.0696e+03 5.2214e-01 6.6856e-01 8.6000e+01 
1.0466e-01 2.3397e-13 8.1615e-14 9.8070e+02 5.4114e-01 6.3315e-01 8.7750e+01 
1.0954e-01 2.1453e-13 7.7164e-14 8.9920e+02 5.6014e-01 5.9775e-01 8.9500e+01 
1.1465e-01 1.9670e-13 7.2956e-14 8.2446e+02 5.7913e-01 5.6234e-01 9.1250e+01 
1.2000e-01 1.8035e-13 6.8978e-14 7.5594e+02 5.9813e-01 5.2693e-01 9.3000e+01 
1.2688e-01 1.6793e-13 6.5151e-14 7.0389e+02 6.0026e-01 4.7549e-01 9.2000e+01 
1.3416e-01 1.5637e-13 6.1536e-14 6.5543e+02 6.0238e-01 4.2405e-01 9.1000e+01 
1.4186e-01 1.4560e-13 5.8122e-14 6.1030e+02 6.0450e-01 3.7261e-01 9.0000e+01 
1.5000e-01 1.3558e-13 5.4897e-14 5.6828e+02 6.0663e-01 3.2117e-01 8.9000e+01 
1.5549e-01 1.3684e-13 5.5657e-14 5.7356e+02 5.9867e-01 3.2563e-01 8.8375e+01 
1.6119e-01 1.3811e-13 5.6428e-14 5.7888e+02 5.9071e-01 3.3010e-01 8.7750e+01 
1.6709e-01 1.3939e-13 5.7209e-14 5.8426e+02 5.8275e-01 3.3456e-01 8.7125e+01 
1.7321e-01 1.4068e-13 5.8001e-14 5.8969e+02 5.7479e-01 3.3903e-01 8.6500e+01 
1.7955e-01 1.4199e-13 5.8804e-14 5.9516e+02 5.6683e-01 3.4349e-01 8.5875e+01 
1.8612e-01 1.4331e-13 5.9618e-14 6.0069e+02 5.5887e-01 3.4795e-01 8.5250e+01 
1.9294e-01 1.4464e-13 6.0443e-14 6.0627e+02 5.5091e-01 3.5242e-01 8.4625e+01 
2.0000e-01 1.4598e-13 6.1280e-14 6.1190e+02 5.4295e-01 3.5688e-01 8.4000e+01 
2.1147e-01 1.3834e-13 6.0793e-14 5.7985e+02 5.2375e-01 3.5604e-01 8.3500e+01 
2.2361e-01 1.3109e-13 6.0311e-14 5.4948e+02 5.0456e-01 3.5519e-01 8.3000e+01 
2.3644e-01 1.2423e-13 5.9832e-14 5.2070e+02 4.8536e-01 3.5435e-01 8.2500e+01 
2.5000e-01 1.1772e-13 5.9357e-14 4.9343e+02 4.6616e-01 3.5351e-01 8.2000e+01 
2.6166e-01 1.1072e-13 5.6258e-14 4.6410e+02 4.6926e-01 3.4880e-01 8.3500e+01 
2.7386e-01 1.0414e-13 5.3322e-14 4.3651e+02 4.7237e-01 3.4409e-01 8.5000e+01 
2.8663e-01 9.7950e-14 5.0538e-14 4.1056e+02 4.7548e-01 3.3939e-01 8.6500e+01 
3.0000e-01 9.2127e-14 4.7900e-14 3.8616e+02 4.7858e-01 3.3468e-01 8.8000e+01 
3.1399e-01 8.8658e-14 4.6211e-14 3.7162e+02 4.7965e-01 3.3279e-01 8.8500e+01 
3.2863e-01 8.5320e-14 4.4582e-14 3.5763e+02 4.8073e-01 3.3091e-01 8.9000e+01 
3.4396e-01 8.2108e-14 4.3010e-14 3.4417e+02 4.8180e-01 3.2902e-01 8.9500e+01 
3.6000e-01 7.9016e-14 4.1493e-14 3.3121e+02 4.8287e-01 3.2713e-01 9.0000e+01 
3.7852e-01 7.5778e-14 3.9894e-14 3.1764e+02 4.7870e-01 3.3591e-01 9.1250e+01 
3.9799e-01 7.2673e-14 3.8356e-14 3.0462e+02 4.7453e-01 3.4469e-01 9.2500e+01 
4.1847e-01 6.9695e-14 3.6878e-14 2.9213e+02 4.7035e-01 3.5348e-01 9.3750e+01 
4.4000e-01 6.6839e-14 3.5457e-14 2.8016e+02 4.6618e-01 3.6226e-01 9.5000e+01 
4.6524e-01 6.3004e-14 3.3522e-14 2.6409e+02 4.6033e-01 3.7275e-01 9.5000e+01 
4.9193e-01 5.9390e-14 3.1693e-14 2.4893e+02 4.5448e-01 3.8323e-01 9.5000e+01 
5.2016e-01 5.5983e-14 2.9964e-14 2.3465e+02 4.4863e-01 3.9372e-01 9.5000e+01 
5.5000e-01 5.2771e-14 2.8329e-14 2.2119e+02 4.4278e-01 4.0421e-01 9.5000e+01 
5.8418e-01 4.8772e-14 2.6058e-14 2.0443e+02 4.3366e-01 4.2257e-01 9.5250e+01 
6.2048e-01 4.5075e-14 2.3968e-14 1.8894e+02 4.2454e-01 4.4094e-01 9.5500e+01 
6.5904e-01 4.1659e-14 2.2047e-14 1.7462e+02 4.1542e-01 4.5930e-01 9.5750e+01 
7.0000e-01 3.8502e-14 2.0279e-14 1.6139e+02 4.0630e-01 4.7766e-01 9.6000e+01 
7.3482e-01 3.5765e-14 1.8664e-14 1.4992e+02 3.9809e-01 4.9276e-01 9.6000e+01 
7.7136e-01 3.3223e-14 1.7178e-14 1.3926e+02 3.8988e-01 5.0786e-01 9.6000e+01 
8.0973e-01 3.0861e-14 1.5811e-14 1.2936e+02 3.8166e-01 5.2296e-01 9.6000e+01 
8.5000e-01 2.8667e-14 1.4552e-14 1.2016e+02 3.7345e-01 5.3806e-01 9.6000e+01 
8.8525e-01 2.6795e-14 1.3459e-14 1.1231e+02 3.6667e-01 5.4727e-01 9.6000e+01 
9.2195e-01 2.5045e-14 1.2448e-14 1.0498e+02 3.5989e-01 5.5647e-01 9.6000e+01 
9.6018e-01 2.3410e-14 1.1514e-14 9.8124e+01 3.5310e-01 5.6567e-01 9.6000e+01 
1.0000e+00 2.1881e-14 1.0649e-14 9.1717e+01 3.4632e-01 5.7488e-01 9.6000e+01 
1.0356e+00 2.0585e-14 9.9104e-15 8.6284e+01 3.4122e-01 5.7896e-01 9.5750e+01 
1.0724e+00 1.9365e-14 9.2231e-15 8.1172e+01 3.3611e-01 5.8305e-01 9.5500e+01 
1.1105e+00 1.8218e-14 8.5834e-15 7.6364e+01 3.3101e-01 5.8713e-01 9.5250e+01 
1.1500e+00 1.7139e-14 7.9881e-15 7.1840e+01 3.2591e-01 5.9122e-01 9.5000e+01 
1.2227e+00 1.5362e-14 7.0079e-15 6.4393e+01 3.1786e-01 5.9386e-01 9.5000e+01 
1.3000e+00 1.3770e-14 6.1480e-15 5.7718e+01 3.0981e-01 5.9650e-01 9.5000e+01 
1.3902e+00 1.2199e-14 5.3034e-15 5.1133e+01 3.0212e-01 5.9581e-01 9.4750e+01 
1.4866e+00 1.0807e-14 4.5749e-15 4.5300e+01 2.9444e-01 5.9511e-01 9.4500e+01 
1.5897e+00 9.5743e-15 3.9464e-15 4.0131e+01 2.8675e-01 5.9442e-01 9.4250e+01 
1.7000e+00 8.4820e-15 3.4043e-15 3.5553e+01 2.7907e-01 5.9373e-01 9.4000e+01 
1.7705e+00 7.8814e-15 3.1044e-15 3.3036e+01 2.7399e-01 5.9526e-01 9.3750e+01 
1.8439e+00 7.3234e-15 2.8310e-15 3.0696e+01 2.6892e-01 5.9679e-01 9.3500e+01 
1.9204e+00 6.8048e-15 2.5816e-15 2.8523e+01 2.6384e-01 5.9833e-01 9.3250e+01 
2.0000e+00 6.3230e-15 2.3542e-15 2.6503e+01 2.5877e-01 5.9986e-01 9.3000e+01 
2.0976e+00 5.8007e-15 2.1062e-15 2.4314e+01 2.5160e-01 6.0476e-01 9.3000e+01 
2.2000e+00 5.3215e-15 1.8843e-15 2.2306e+01 2.4442e-01 6.0965e-01 9.3000e+01 
2.3156e+00 4.8529e-15 1.6649e-15 2.0342e+01 2.3518e-01 6.2033e-01 9.2750e+01 
2.4372e+00 4.4256e-15 1.4710e-15 1.8551e+01 2.2593e-01 6.3100e-01 9.2500e+01 
2.5652e+00 4.0360e-15 1.2997e-15 1.6918e+01 2.1669e-01 6.4167e-01 9.2250e+01 
2.7000e+00 3.6806e-15 1.1483e-15 1.5428e+01 2.0745e-01 6.5235e-01 9.2000e+01 
2.8460e+00 3.3469e-15 1.0040e-15 1.4029e+01 1.9595e-01 6.6656e-01 9.1500e+01 
3.0000e+00 3.0434e-15 8.7778e-16 1.2757e+01 1.8444e-01 6.8078e-01 9.1000e+01 
3.1179e+00 2.8398e-15 7.9139e-16 1.1903e+01 1.7515e-01 6.9220e-01 9.0750e+01 
3.2404e+00 2.6497e-15 7.1350e-16 1.1107e+01 1.6587e-01 7.0361e-01 9.0500e+01 
3.3677e+00 2.4724e-15 6.4328e-16 1.0363e+01 1.5658e-01 7.1503e-01 9.0250e+01 
3.5000e+00 2.3070e-15 5.7997e-16 9.6699e+00 1.4729e-01 7.2645e-01 9.0000e+01 
3.7417e+00 2.0463e-15 4.7867e-16 8.5771e+00 1.3060e-01 7.4539e-01 8.9500e+01 
4.0000e+00 1.8150e-15 3.9506e-16 7.6078e+00 1.1391e-01 7.6432e-01 8.9000e+01 
4.2426e+00 1.6337e-15 3.2984e-16 6.8482e+00 9.9308e-02 7.7963e-01 8.9000e+01 
4.5000e+00 1.4706e-15 2.7539e-16 6.1644e+00 8.4705e-02 7.9493e-01 8.9000e+01 
4.7434e+00 1.3424e-15 2.3189e-16 5.6269e+00 7.1556e-02 8.0758e-01 8.8500e+01 
5.0000e+00 1.2254e-15 1.9526e-16 5.1363e+00 5.8408e-02 8.2022e-01 8.8000e+01 
5.2440e+00 1.1337e-15 1.6580e-16 4.7521e+00 4.6640e-02 8.3012e-01 8.7500e+01 
5.5000e+00 1.0489e-15 1.4079e-16 4.3967e+00 3.4872e-02 8.4001e-01 8.7000e+01 
5.7446e+00 9.8444e-16 1.2046e-16 4.1264e+00 2.4699e-02 8.4713e-01 8.6500e+01 
6.0000e+00 9.2394e-16 1.0306e-16 3.8728e+00 1.4526e-02 8.5424e-01 8.6000e+01 
6.2450e+00 8.7571e-16 8.8694e-17 3.6706e+00 5.5758e-03 8.5950e-01 8.6000e+01 
6.5000e+00 8.2999e-16 7.6330e-17 3.4790e+00 -3.3744e-03 8.6476e-01 8.6000e+01 
6.7454e+00 7.9011e-16 6.5855e-17 3.3118e+00 -1.1863e-02 8.6909e-01 8.5500e+01 
7.0000e+00 7.5214e-16 5.6818e-17 3.1527e+00 -2.0351e-02 8.7343e-01 8.5000e+01 
7.5000e+00 7.5956e-16 4.2167e-17 3.1838e+00 -3.7947e-02 8.7901e-01 8.5000e+01 
8.0000e+00 1.1951e-15 3.2351e-17 5.0093e+00 -5.0393e-02 8.8587e-01 8.4000e+01 
8.5000e+00 2.0206e-15 2.7683e-17 8.4696e+00 -4.8719e-02 8.9951e-01 8.4000e+01 
9.0000e+00 2.9074e-15 2.5772e-17 1.2187e+01 -3.9462e-02 9.1616e-01 8.5000e+01 
9.4000e+00 3.5128e-15 2.6366e-17 1.4724e+01 -2.6991e-02 9.3074e-01 8.6000e+01 
9.5500e+00 3.5108e-15 2.6158e-17 1.4716e+01 -2.4031e-02 9.3435e-01 8.6000e+01 
9.7000e+00 3.4134e-15 2.5542e-17 1.4308e+01 -2.2288e-02 9.3686e-01 8.6000e+01 
9.8500e+00 3.2935e-15 2.4711e-17 1.3805e+01 -2.1260e-02 9.3878e-01 8.6000e+01 
1.0000e+01 3.1803e-15 2.3862e-17 1.3331e+01 -2.0453e-02 9.4050e-01 8.6000e+01 
1.0500e+01 2.7686e-15 2.1466e-17 1.1605e+01 -1.7089e-02 9.4582e-01 8.7000e+01 
1.1000e+01 2.2360e-15 1.8066e-17 9.3723e+00 -1.7118e-02 9.4753e-01 8.7000e+01 
1.1300e+01 1.9994e-15 1.6231e-17 8.3808e+00 -1.7709e-02 9.4839e-01 8.7000e+01 
1.1600e+01 1.7961e-15 1.4671e-17 7.5286e+00 -1.7526e-02 9.4891e-01 8.7000e+01 
1.2000e+01 1.5508e-15 1.2708e-17 6.5003e+00 -1.8738e-02 9.4984e-01 8.7000e+01 
1.2500e+01 1.3003e-15 1.0546e-17 5.4504e+00 -2.1338e-02 9.5072e-01 8.7000e+01 
1.3000e+01 1.0942e-15 8.7088e-18 4.5866e+00 -2.5645e-02 9.5143e-01 8.7000e+01 
1.3500e+01 9.4471e-16 7.1734e-18 3.9599e+00 -3.1599e-02 9.5214e-01 8.7000e+01 
1.4000e+01 8.5545e-16 5.8529e-18 3.5857e+00 -3.9762e-02 9.5274e-01 8.6000e+01 
1.4500e+01 8.6242e-16 4.8452e-18 3.6149e+00 -4.7202e-02 9.5349e-01 8.6000e+01 
1.5000e+01 9.1859e-16 4.1368e-18 3.8504e+00 -5.1563e-02 9.5458e-01 8.6000e+01 
1.6000e+01 1.0660e-15 3.2072e-18 4.4684e+00 -5.4445e-02 9.5765e-01 8.6000e+01 
1.7000e+01 1.2140e-15 2.6742e-18 5.0887e+00 -5.1712e-02 9.6172e-01 8.6000e+01 
1.8000e+01 1.2962e-15 2.3342e-18 5.4330e+00 -4.6460e-02 9.6583e-01 8.6000e+01 
1.9000e+01 1.2747e-15 2.0542e-18 5.3432e+00 -4.1660e-02 9.6941e-01 8.7000e+01 
2.0000e+01 1.1716e-15 1.7639e-18 4.9111e+00 -3.9219e-02 9.7176e-01 8.7000e+01 
2.0976e+01 1.0760e-15 1.4836e-18 4.5104e+00 -3.8858e-02 9.7284e-01 8.7000e+01 
2.2000e+01 9.8827e-16 1.2479e-18 4.1424e+00 -3.8496e-02 9.7392e-01 8.7000e+01 
2.3000e+01 9.1415e-16 1.0538e-18 3.8318e+00 -3.8390e-02 9.7467e-01 8.7000e+01 
2.4000e+01 8.5689e-16 8.9619e-19 3.5917e+00 -3.8299e-02 9.7541e-01 8.7000e+01 
2.5000e+01 8.0685e-16 7.6796e-19 3.3820e+00 -3.8381e-02 9.7612e-01 8.7000e+01 
2.6000e+01 7.6166e-16 6.5939e-19 3.1926e+00 -3.8798e-02 9.7643e-01 8.7000e+01 
2.7000e+01 7.2167e-16 5.6976e-19 3.0250e+00 -3.9088e-02 9.7665e-01 8.7000e+01 
2.8000e+01 6.8636e-16 4.9543e-19 2.8769e+00 -3.9312e-02 9.7683e-01 8.7000e+01 
3.0000e+01 6.2601e-16 3.8057e-19 2.6240e+00 -3.9490e-02 9.7711e-01 8.7000e+01 
3.1179e+01 5.9381e-16 3.2822e-19 2.4890e+00 -3.9516e-02 9.7713e-01 8.7000e+01 
3.2404e+01 5.6327e-16 2.8308e-19 2.3610e+00 -3.9543e-02 9.7715e-01 8.7000e+01 
3.3677e+01 5.3429e-16 2.4414e-19 2.2395e+00 -3.9569e-02 9.7718e-01 8.7000e+01 
3.5000e+01 5.0681e-16 2.1056e-19 2.1243e+00 -3.9595e-02 9.7720e-01 8.7000e+01 
3.7417e+01 4.5828e-16 1.6308e-19 1.9209e+00 -3.9226e-02 9.7711e-01 8.7500e+01 
4.0000e+01 4.1440e-16 1.2630e-19 1.7370e+00 -3.8858e-02 9.7703e-01 8.8000e+01 
4.2426e+01 3.7429e-16 1.0067e-19 1.5689e+00 -3.8455e-02 9.7666e-01 8.8000e+01 
4.5000e+01 3.3807e-16 8.0248e-20 1.4171e+00 -3.8052e-02 9.7628e-01 8.8000e+01 
4.7434e+01 3.0636e-16 6.5372e-20 1.2842e+00 -3.7224e-02 9.7542e-01 8.8000e+01 
5.0000e+01 2.7762e-16 5.3253e-20 1.1637e+00 -3.6396e-02 9.7457e-01 8.8000e+01 
5.2440e+01 2.5280e-16 4.4169e-20 1.0596e+00 -3.4669e-02 9.7391e-01 8.8000e+01 
5.5000e+01 2.3019e-16 3.6634e-20 9.6487e-01 -3.2943e-02 9.7325e-01 8.8000e+01 
5.7446e+01 2.1074e-16 3.0848e-20 8.8336e-01 -3.0803e-02 9.7273e-01 8.8000e+01 
6.0000e+01 1.9294e-16 2.5976e-20 8.0874e-01 -2.8662e-02 9.7222e-01 8.8000e+01 
6.2450e+01 1.7759e-16 2.2161e-20 7.4441e-01 -2.6289e-02 9.7187e-01 8.8500e+01 
6.5000e+01 1.6347e-16 1.8906e-20 6.8520e-01 -2.3916e-02 9.7152e-01 8.9000e+01 
6.7454e+01 1.5122e-16 1.6312e-20 6.3385e-01 -2.1417e-02 9.7148e-01 8.9000e+01 
7.0000e+01 1.3989e-16 1.4074e-20 5.8635e-01 -1.8918e-02 9.7144e-01 8.9000e+01 
7.5000e+01 1.2091e-16 1.0684e-20 5.0682e-01 -1.3866e-02 9.7161e-01 8.9000e+01 
8.0000e+01 1.0539e-16 8.2525e-21 4.4177e-01 -8.8197e-03 9.7198e-01 8.9000e+01 
8.5000e+01 9.2636e-17 6.4712e-21 3.8829e-01 -3.9135e-03 9.7327e-01 9.0000e+01 
9.0000e+01 8.2033e-17 5.1424e-21 3.4385e-01 3.1820e-04 9.7555e-01 9.0000e+01 
9.5000e+01 7.3189e-17 4.1358e-21 3.0678e-01 3.6897e-03 9.7817e-01 9.0000e+01 
1.0000e+02 6.5688e-17 3.3630e-21 2.7534e-01 6.5745e-03 9.8092e-01 9.0000e+01 
1.0500e+02 5.9295e-17 2.7610e-21 2.4854e-01 8.8055e-03 9.8441e-01 9.0000e+01 
1.1000e+02 5.3866e-17 2.2866e-21 2.2578e-01 9.8337e-03 9.8857e-01 9.1000e+01 
1.1489e+02 4.9428e-17 1.9172e-21 2.0718e-01 8.9138e-03 9.9198e-01 9.0500e+01 
1.2000e+02 4.5355e-17 1.6075e-21 1.9011e-01 7.9939e-03 9.9540e-01 9.0000e+01 
1.2490e+02 4.2089e-17 1.3686e-21 1.7642e-01 6.0528e-03 9.9684e-01 9.0000e+01 
1.3000e+02 3.9058e-17 1.1652e-21 1.6372e-01 4.1118e-03 9.9827e-01 9.0000e+01 
1.3491e+02 3.6453e-17 1.0051e-21 1.5280e-01 2.4770e-03 9.9868e-01 9.0000e+01 
1.4000e+02 3.4022e-17 8.6699e-22 1.4261e-01 8.4226e-04 9.9909e-01 9.0000e+01 
1.5000e+02 2.9520e-17 6.5878e-22 1.2374e-01 -1.5212e-03 9.9927e-01 9.0000e+01 
1.5549e+02 2.7333e-17 5.7050e-22 1.1457e-01 -2.1562e-03 9.9923e-01 9.0000e+01 
1.6119e+02 2.5307e-17 4.9405e-22 1.0608e-01 -2.7912e-03 9.9918e-01 9.0000e+01 
1.6709e+02 2.3432e-17 4.2785e-22 9.8218e-02 -3.4263e-03 9.9913e-01 9.0000e+01 
1.7321e+02 2.1696e-17 3.7052e-22 9.0940e-02 -4.0613e-03 9.9909e-01 9.0000e+01 
1.7955e+02 2.0088e-17 3.2087e-22 8.4201e-02 -4.6963e-03 9.9904e-01 9.0000e+01 
1.8612e+02 1.8599e-17 2.7787e-22 7.7961e-02 -5.3314e-03 9.9900e-01 9.0000e+01 
1.9294e+02 1.7221e-17 2.4064e-22 7.2183e-02 -5.9664e-03 9.9895e-01 9.0000e+01 
2.0000e+02 1.5945e-17 2.0839e-22 6.6834e-02 -6.6014e-03 9.9891e-01 9.0000e+01 
2.1147e+02 1.4229e-17 1.6668e-22 5.9641e-02 -6.9048e-03 9.9885e-01 9.0000e+01 
2.2361e+02 1.2697e-17 1.3332e-22 5.3222e-02 -7.2082e-03 9.9879e-01 9.0000e+01 
2.3644e+02 1.1331e-17 1.0664e-22 4.7494e-02 -7.5116e-03 9.9874e-01 9.0000e+01 
2.5000e+02 1.0111e-17 8.5294e-23 4.2383e-02 -7.8150e-03 9.9868e-01 9.0000e+01 
2.6166e+02 9.2254e-18 7.1067e-23 3.8670e-02 -7.8449e-03 9.9866e-01 9.0000e+01 
2.7386e+02 8.4173e-18 5.9214e-23 3.5283e-02 -7.8748e-03 9.9865e-01 9.0000e+01 
2.8663e+02 7.6800e-18 4.9337e-23 3.2192e-02 -7.9047e-03 9.9863e-01 9.0000e+01 
3.0000e+02 7.0073e-18 4.1108e-23 2.9372e-02 -7.9346e-03 9.9861e-01 9.0000e+01 
3.1098e+02 6.5220e-18 3.5598e-23 2.7338e-02 -7.8390e-03 9.9862e-01 9.0000e+01 
3.2237e+02 6.0702e-18 3.0827e-23 2.5444e-02 -7.7435e-03 9.9863e-01 9.0000e+01 
3.3417e+02 5.6498e-18 2.6695e-23 2.3682e-02 -7.6479e-03 9.9864e-01 9.0000e+01 
3.4641e+02 5.2585e-18 2.3117e-23 2.2042e-02 -7.5524e-03 9.9865e-01 9.0000e+01 
3.5909e+02 4.8943e-18 2.0019e-23 2.0515e-02 -7.4568e-03 9.9866e-01 9.0000e+01 
3.7224e+02 4.5553e-18 1.7336e-23 1.9094e-02 -7.3612e-03 9.9867e-01 9.0000e+01 
3.8587e+02 4.2398e-18 1.5012e-23 1.7772e-02 -7.2657e-03 9.9868e-01 9.0000e+01 
4.0000e+02 3.9461e-18 1.3000e-23 1.6541e-02 -7.1701e-03 9.9869e-01 9.0000e+01 
4.2295e+02 3.5317e-18 1.0399e-23 1.4804e-02 -6.9064e-03 9.9873e-01 9.0000e+01 
4.4721e+02 3.1608e-18 8.3190e-24 1.3249e-02 -6.6427e-03 9.9876e-01 9.0000e+01 
4.7287e+02 2.8288e-18 6.6548e-24 1.1857e-02 -6.3790e-03 9.9880e-01 9.0000e+01 
5.0000e+02 2.5317e-18 5.3235e-24 1.0612e-02 -6.1153e-03 9.9884e-01 9.0000e+01 
5.2148e+02 2.3287e-18 4.4990e-24 9.7612e-03 -5.8895e-03 9.9888e-01 9.0000e+01 
5.4388e+02 2.1420e-18 3.8021e-24 8.9787e-03 -5.6638e-03 9.9892e-01 9.0000e+01 
5.6724e+02 1.9703e-18 3.2132e-24 8.2588e-03 -5.4380e-03 9.9896e-01 9.0000e+01 
5.9161e+02 1.8124e-18 2.7155e-24 7.5967e-03 -5.2122e-03 9.9899e-01 9.0000e+01 
6.1702e+02 1.6671e-18 2.2949e-24 6.9877e-03 -4.9865e-03 9.9903e-01 9.0000e+01 
6.4353e+02 1.5334e-18 1.9395e-24 6.4275e-03 -4.7607e-03 9.9907e-01 9.0000e+01 
6.7117e+02 1.4105e-18 1.6391e-24 5.9122e-03 -4.5350e-03 9.9911e-01 9.0000e+01 
7.0000e+02 1.2974e-18 1.3852e-24 5.4382e-03 -4.3092e-03 9.9915e-01 9.0000e+01 
7.3192e+02 1.1873e-18 1.1589e-24 4.9766e-03 -4.1006e-03 9.9919e-01 9.0000e+01 
7.6529e+02 1.0865e-18 9.6959e-25 4.5542e-03 -3.8920e-03 9.9923e-01 9.0000e+01 
8.0018e+02 9.9427e-19 8.1119e-25 4.1676e-03 -3.6834e-03 9.9927e-01 9.0000e+01 
8.3666e+02 9.0987e-19 6.7867e-25 3.8139e-03 -3.4747e-03 9.9930e-01 9.0000e+01 
8.7481e+02 8.3264e-19 5.6780e-25 3.4901e-03 -3.2661e-03 9.9934e-01 9.0000e+01 
9.1469e+02 7.6197e-19 4.7504e-25 3.1939e-03 -3.0575e-03 9.9938e-01 9.0000e+01 
9.5639e+02 6.9729e-19 3.9744e-25 2.9228e-03 -2.8489e-03 9.9942e-01 9.0000e+01 
1.0000e+03 6.3810e-19 3.3251e-25 2.6747e-03 -2.6403e-03 9.9946e-01 9.0000e+01 
1.0576e+03 6.3810e-19 3.3251e-25 2.3912e-03 -2.6403e-03 9.9946e-01 9.0000e+01 
1.1185e+03 6.3810e-19 3.3251e-25 2.1377e-03 -2.6403e-03 9.9946e-01 9.0000e+01 
1.1829e+03 6.3810e-19 3.3251e-25 1.9112e-03 -2.6403e-03 9.9946e-01 9.0000e+01 
1.2510e+03 6.3810e-19 3.3251e-25 1.7086e-03 -2.6403e-03 9.9946e-01 9.0000e+01 
1.3231e+03 6.3810e-19 3.3251e-25 1.5275e-03 -2.6403e-03 9.9946e-01 9.0000e+01 
1.3993e+03 6.3810e-19 3.3251e-25 1.3656e-03 -2.6403e-03 9.9946e-01 9.0000e+01 
1.4799e+03 6.3810e-19 3.3251e-25 1.2208e-03 -2.6403e-03 9.9946e-01 9.0000e+01 
1.5651e+03 6.3810e-19 3.3251e-25 1.0914e-03 -2.6403e-03 9.9946e-01 9.0000e+01 
1.6552e+03 6.3810e-19 3.3251e-25 9.7575e-04 -2.6403e-03 9.9946e-01 9.0000e+01 
1.7505e+03 6.3810e-19 3.3251e-25 8.7232e-04 -2.6403e-03 9.9946e-01 9.0000e+01 
1.8514e+03 6.3810e-19 3.3251e-25 7.7986e-04 -2.6403e-03 9.9946e-01 9.0000e+01 
1.9580e+03 6.3810e-19 3.3251e-25 6.9720e-04 -2.6403e-03 9.9946e-01 9.0000e+01 
2.0707e+03 6.3810e-19 3.3251e-25 6.2330e-04 -2.6403e-03 9.9946e-01 9.0000e+01 
2.1900e+03 6.3810e-19 3.3251e-25 5.5723e-04 -2.6403e-03 9.9946e-01 9.0000e+01 
2.3161e+03 6.3810e-19 3.3251e-25 4.9817e-04 -2.6403e-03 9.9946e-01 9.0000e+01 
2.4495e+03 6.3810e-19 3.3251e-25 4.4537e-04 -2.6403e-03 9.9946e-01 9.0000e+01 
2.5906e+03 6.3810e-19 3.3251e-25 3.9816e-04 -2.6403e-03 9.9946e-01 9.0000e+01 
2.7397e+03 6.3810e-19 3.3251e-25 3.5596e-04 -2.6403e-03 9.9946e-01 9.0000e+01 
2.8975e+03 6.3810e-19 3.3251e-25 3.1823e-04 -2.6403e-03 9.9946e-01 9.0000e+01 
3.0644e+03 6.3810e-19 3.3251e-25 2.8450e-04 -2.6403e-03 9.9946e-01 9.0000e+01 
3.2409e+03 6.3810e-19 3.3251e-25 2.5434e-04 -2.6403e-03 9.9946e-01 9.0000e+01 
3.4275e+03 6.3810e-19 3.3251e-25 2.2738e-04 -2.6403e-03 9.9946e-01 9.0000e+01 
3.6249e+03 6.3810e-19 3.3251e-25 2.0328e-04 -2.6403e-03 9.9946e-01 9.0000e+01 
3.8337e+03 6.3810e-19 3.3251e-25 1.8173e-04 -2.6403e-03 9.9946e-01 9.0000e+01 
4.0544e+03 6.3810e-19 3.3251e-25 1.6247e-04 -2.6403e-03 9.9946e-01 9.0000e+01 
4.2879e+03 6.3810e-19 3.3251e-25 1.4525e-04 -2.6403e-03 9.9946e-01 9.0000e+01 
4.5349e+03 6.3810e-19 3.3251e-25 1.2986e-04 -2.6403e-03 9.9946e-01 9.0000e+01 
4.7960e+03 6.3810e-19 3.3251e-25 1.1609e-04 -2.6403e-03 9.9946e-01 9.0000e+01 
5.0722e+03 6.3810e-19 3.3251e-25 1.0379e-04 -2.6403e-03 9.9946e-01 9.0000e+01 
5.3643e+03 6.3810e-19 3.3251e-25 9.2785e-05 -2.6403e-03 9.9946e-01 9.0000e+01 
5.6733e+03 6.3810e-19 3.3251e-25 8.2951e-05 -2.6403e-03 9.9946e-01 9.0000e+01 
6.0000e+03 6.3810e-19 3.3251e-25 7.4158e-05 -2.6403e-03 9.9946e-01 9.0000e+01 
6.3455e+03 6.3810e-19 3.3251e-25 6.6298e-05 -2.6403e-03 9.9946e-01 9.0000e+01 
6.7110e+03 6.3810e-19 3.3251e-25 5.9271e-05 -2.6403e-03 9.9946e-01 9.0000e+01 
7.0975e+03 6.3810e-19 3.3251e-25 5.2988e-05 -2.6403e-03 9.9946e-01 9.0000e+01 
7.5062e+03 6.3810e-19 3.3251e-25 4.7372e-05 -2.6403e-03 9.9946e-01 9.0000e+01 
7.9385e+03 6.3810e-19 3.3251e-25 4.2351e-05 -2.6403e-03 9.9946e-01 9.0000e+01 
8.3957e+03 6.3810e-19 3.3251e-25 3.7862e-05 -2.6403e-03 9.9946e-01 9.0000e+01 
8.8792e+03 6.3810e-19 3.3251e-25 3.3849e-05 -2.6403e-03 9.9946e-01 9.0000e+01 
9.3905e+03 6.3810e-19 3.3251e-25 3.0261e-05 -2.6403e-03 9.9946e-01 9.0000e+01 
9.9313e+03 6.3810e-19 3.3251e-25 2.7053e-05 -2.6403e-03 9.9946e-01 9.0000e+01 
1.0503e+04 6.3810e-19 3.3251e-25 2.4186e-05 -2.6403e-03 9.9946e-01 9.0000e+01 
1.1108e+04 6.3810e-19 3.3251e-25 2.1622e-05 -2.6403e-03 9.9946e-01 9.0000e+01 
1.1748e+04 6.3810e-19 3.3251e-25 1.9330e-05 -2.6403e-03 9.9946e-01 9.0000e+01 
1.2424e+04 6.3810e-19 3.3251e-25 1.7282e-05 -2.6403e-03 9.9946e-01 9.0000e+01 
1.3140e+04 6.3810e-19 3.3251e-25 1.5450e-05 -2.6403e-03 9.9946e-01 9.0000e+01 
1.3897e+04 6.3810e-19 3.3251e-25 1.3812e-05 -2.6403e-03 9.9946e-01 9.0000e+01 
1.4697e+04 6.3810e-19 3.3251e-25 1.2348e-05 -2.6403e-03 9.9946e-01 9.0000e+01 
1.5543e+04 6.3810e-19 3.3251e-25 1.1039e-05 -2.6403e-03 9.9946e-01 9.0000e+01 
1.6438e+04 6.3810e-19 3.3251e-25 9.8692e-06 -2.6403e-03 9.9946e-01 9.0000e+01 
1.7385e+04 6.3810e-19 3.3251e-25 8.8231e-06 -2.6403e-03 9.9946e-01 9.0000e+01 
1.8386e+04 6.3810e-19 3.3251e-25 7.8879e-06 -2.6403e-03 9.9946e-01 9.0000e+01 
1.9445e+04 6.3810e-19 3.3251e-25 7.0518e-06 -2.6403e-03 9.9946e-01 9.0000e+01 
2.0565e+04 6.3810e-19 3.3251e-25 6.3044e-06 -2.6403e-03 9.9946e-01 9.0000e+01 
2.1749e+04 6.3810e-19 3.3251e-25 5.6362e-06 -2.6403e-03 9.9946e-01 9.0000e+01 
2.3002e+04 6.3810e-19 3.3251e-25 5.0388e-06 -2.6403e-03 9.9946e-01 9.0000e+01 
2.4327e+04 6.3810e-19 3.3251e-25 4.5047e-06 -2.6403e-03 9.9946e-01 9.0000e+01 
2.5728e+04 6.3810e-19 3.3251e-25 4.0272e-06 -2.6403e-03 9.9946e-01 9.0000e+01 
2.7209e+04 6.3810e-19 3.3251e-25 3.6003e-06 -2.6403e-03 9.9946e-01 9.0000e+01 
2.8776e+04 6.3810e-19 3.3251e-25 3.2187e-06 -2.6403e-03 9.9946e-01 9.0000e+01 
3.0433e+04 6.3810e-19 3.3251e-25 2.8776e-06 -2.6403e-03 9.9946e-01 9.0000e+01 
3.2186e+04 6.3810e-19 3.3251e-25 2.5726e-06 -2.6403e-03 9.9946e-01 9.0000e+01 
3.4040e+04 6.3810e-19 3.3251e-25 2.2999e-06 -2.6403e-03 9.9946e-01 9.0000e+01 
3.6000e+04 6.3810e-19 3.3251e-25 2.0561e-06 -2.6403e-03 9.9946e-01 9.0000e+01 
