  1.0000e-02  5.4647e-14  3.2368e-14  2.8409e+02  9.9634e-01  9.9731e-01  8.9000e+01
  2.0000e-02  6.8410e-14  3.7867e-14  3.5564e+02  9.7987e-01  9.8474e-01  9.3000e+01
  3.0000e-02  7.3994e-14  3.9011e-14  3.8467e+02  9.4879e-01  9.5136e-01  9.4000e+01
  4.0000e-02  7.7044e-14  4.0622e-14  4.0052e+02  9.1406e-01  8.9642e-01  9.5000e+01
  5.0000e-02  8.3093e-14  4.5434e-14  4.3196e+02  8.4817e-01  7.2649e-01  9.3000e+01
  6.0000e-02  9.3010e-14  5.3850e-14  4.8352e+02  7.7789e-01  6.9631e-01  7.4000e+01
  8.0000e-02  1.1442e-13  5.9603e-14  5.9483e+02  7.2857e-01  7.0242e-01  6.1000e+01
  1.0000e-01  1.1861e-13  5.9443e-14  6.1658e+02  6.8853e-01  5.2597e-01  6.4000e+01
  1.2000e-01  1.1890e-13  5.7272e-14  6.1812e+02  6.8335e-01  3.4770e-01  7.3000e+01
  1.5000e-01  1.0675e-13  5.1266e-14  5.5494e+02  6.4116e-01  2.4121e-01  7.5000e+01
  2.0000e-01  9.8008e-14  5.9024e-14  5.0950e+02  5.6234e-01  3.2230e-01  8.0000e+01
  2.5000e-01  9.2308e-14  5.7833e-14  4.7987e+02  4.7828e-01  3.3253e-01  8.0000e+01
  3.0000e-01  7.8953e-14  4.7424e-14  4.1044e+02  4.8321e-01  3.2475e-01  8.8000e+01
  3.6000e-01  7.0373e-14  4.1296e-14  3.6584e+02  4.8510e-01  3.2216e-01  9.0000e+01
  4.4000e-01  6.0975e-14  3.5373e-14  3.1698e+02  4.6725e-01  3.5986e-01  9.5000e+01
  5.5000e-01  4.8782e-14  2.8295e-14  2.5360e+02  4.4330e-01  4.0314e-01  9.5000e+01
  7.0000e-01  3.5721e-14  2.0266e-14  1.8570e+02  4.0655e-01  4.7718e-01  9.6000e+01
  8.5000e-01  2.6600e-14  1.4546e-14  1.3829e+02  3.7360e-01  5.3780e-01  9.6000e+01
  1.0000e+00  2.0280e-14  1.0645e-14  1.0543e+02  3.4642e-01  5.7471e-01  9.6000e+01
  1.1500e+00  1.5853e-14  7.9863e-15  8.2412e+01  3.2598e-01  5.9111e-01  9.5000e+01
  1.3000e+00  1.2701e-14  6.1469e-15  6.6026e+01  3.0986e-01  5.9641e-01  9.5000e+01
  1.7000e+00  7.7622e-15  3.4039e-15  4.0352e+01  2.7910e-01  5.9367e-01  9.4000e+01
  2.0000e+00  5.7534e-15  2.3540e-15  2.9909e+01  2.5879e-01  5.9982e-01  9.3000e+01
  2.2000e+00  4.8239e-15  1.8841e-15  2.5078e+01  2.4444e-01  6.0962e-01  9.3000e+01
  2.7000e+00  3.3064e-15  1.1483e-15  1.7188e+01  2.0746e-01  6.5233e-01  9.2000e+01
  3.0000e+00  2.7200e-15  8.7773e-16  1.4140e+01  1.8445e-01  6.8077e-01  9.1000e+01
  3.1000e+00  2.5599e-15  8.0553e-16  1.3308e+01  1.7677e-01  6.9062e-01  9.1000e+01
  3.2000e+00  2.4138e-15  7.4005e-16  1.2549e+01  1.6874e-01  6.9984e-01  9.1000e+01
  3.3000e+00  2.2805e-15  6.8119e-16  1.1855e+01  1.6132e-01  7.0870e-01  9.1000e+01
  3.4000e+00  2.1576e-15  6.2792e-16  1.1216e+01  1.5424e-01  7.1768e-01  9.0000e+01
  3.5000e+00  2.0447e-15  5.7994e-16  1.0629e+01  1.4729e-01  7.2644e-01  9.0000e+01
  3.6000e+00  1.9402e-15  5.3585e-16  1.0087e+01  1.4001e-01  7.3482e-01  9.0000e+01
  3.7000e+00  1.8437e-15  4.9556e-16  9.5844e+00  1.3293e-01  7.4257e-01  9.0000e+01
  3.8000e+00  1.7546e-15  4.5903e-16  9.1215e+00  1.2641e-01  7.4988e-01  9.0000e+01
  3.9000e+00  1.6720e-15  4.2548e-16  8.6922e+00  1.2004e-01  7.5722e-01  8.9000e+01
  4.0000e+00  1.5956e-15  3.9505e-16  8.2951e+00  1.1392e-01  7.6431e-01  8.9000e+01
  4.1000e+00  1.5243e-15  3.6690e-16  7.9243e+00  1.0765e-01  7.7115e-01  8.9000e+01
  4.2000e+00  1.4577e-15  3.4109e-16  7.5777e+00  1.0151e-01  7.7745e-01  8.9000e+01
  4.3000e+00  1.3952e-15  3.1735e-16  7.2533e+00  9.5668e-02  7.8337e-01  8.9000e+01
  4.4000e+00  1.3371e-15  2.9553e-16  6.9511e+00  9.0144e-02  7.8913e-01  8.9000e+01
  4.5000e+00  1.2829e-15  2.7538e-16  6.6691e+00  8.4708e-02  7.9493e-01  8.9000e+01
  5.0000e+00  1.0607e-15  1.9526e-16  5.5143e+00  5.8410e-02  8.2022e-01  8.8000e+01
  5.5000e+00  9.0142e-16  1.4079e-16  4.6861e+00  3.4873e-02  8.4001e-01  8.7000e+01
  6.0000e+00  7.8829e-16  1.0306e-16  4.0980e+00  1.4526e-02  8.5424e-01  8.6000e+01
  6.5000e+00  7.0337e-16  7.6328e-17  3.6566e+00 -3.3745e-03  8.6476e-01  8.6000e+01
  7.0000e+00  6.3356e-16  5.6816e-17  3.2936e+00 -2.0351e-02  8.7343e-01  8.5000e+01
  7.5000e+00  6.3361e-16  4.2166e-17  3.2939e+00 -3.7948e-02  8.7900e-01  8.5000e+01
  8.0000e+00  9.7736e-16  3.2350e-17  5.0809e+00 -5.0394e-02  8.8587e-01  8.4000e+01
  8.5000e+00  1.6340e-15  2.7682e-17  8.4944e+00 -4.8720e-02  8.9950e-01  8.4000e+01
  9.0000e+00  2.3402e-15  2.5771e-17  1.2166e+01 -3.9463e-02  9.1616e-01  8.5000e+01
  9.4000e+00  2.8250e-15  2.6366e-17  1.4686e+01 -2.6991e-02  9.3073e-01  8.6000e+01
  9.5500e+00  2.8242e-15  2.6158e-17  1.4682e+01 -2.4031e-02  9.3434e-01  8.6000e+01
  9.7000e+00  2.7469e-15  2.5541e-17  1.4280e+01 -2.2289e-02  9.3685e-01  8.6000e+01
  9.8500e+00  2.6512e-15  2.4711e-17  1.3783e+01 -2.1260e-02  9.3878e-01  8.6000e+01
  1.0000e+01  2.5607e-15  2.3861e-17  1.3313e+01 -2.0453e-02  9.4050e-01  8.6000e+01
  1.0500e+01  2.2313e-15  2.1465e-17  1.1600e+01 -1.7089e-02  9.4582e-01  8.7000e+01
  1.1000e+01  1.8036e-15  1.8065e-17  9.3759e+00 -1.7118e-02  9.4752e-01  8.7000e+01
  1.1100e+01  1.7383e-15  1.7443e-17  9.0370e+00 -1.7268e-02  9.4785e-01  8.7000e+01
  1.1200e+01  1.6746e-15  1.6829e-17  8.7058e+00 -1.7484e-02  9.4814e-01  8.7000e+01
  1.1300e+01  1.6131e-15  1.6231e-17  8.3861e+00 -1.7710e-02  9.4839e-01  8.7000e+01
  1.1400e+01  1.5619e-15  1.5574e-17  8.1198e+00 -1.8654e-02  9.4872e-01  8.7000e+01
  1.1500e+01  1.5124e-15  1.5002e-17  7.8625e+00 -1.9095e-02  9.4894e-01  8.7000e+01
  1.1600e+01  1.4494e-15  1.4670e-17  7.5349e+00 -1.7527e-02  9.4891e-01  8.7000e+01
  1.1700e+01  1.3997e-15  1.4184e-17  7.2763e+00 -1.7598e-02  9.4915e-01  8.7000e+01
  1.1800e+01  1.3522e-15  1.3672e-17  7.0294e+00 -1.8097e-02  9.4948e-01  8.7000e+01
  1.1900e+01  1.3022e-15  1.3191e-17  6.7696e+00 -1.8364e-02  9.4969e-01  8.7000e+01
  1.2000e+01  1.2517e-15  1.2708e-17  6.5070e+00 -1.8739e-02  9.4984e-01  8.7000e+01
  1.2100e+01  1.2043e-15  1.2234e-17  6.2604e+00 -1.9192e-02  9.4997e-01  8.7000e+01
  1.2200e+01  1.1611e-15  1.1778e-17  6.0362e+00 -1.9702e-02  9.5012e-01  8.7000e+01
  1.2300e+01  1.1220e-15  1.1347e-17  5.8327e+00 -2.0238e-02  9.5031e-01  8.7000e+01
  1.2400e+01  1.0858e-15  1.0940e-17  5.6449e+00 -2.0759e-02  9.5052e-01  8.7000e+01
  1.2500e+01  1.0495e-15  1.0546e-17  5.4558e+00 -2.1339e-02  9.5072e-01  8.7000e+01
  1.2600e+01  1.0129e-15  1.0161e-17  5.2655e+00 -2.2007e-02  9.5087e-01  8.7000e+01
  1.2700e+01  9.7873e-16  9.7836e-18  5.0879e+00 -2.2762e-02  9.5103e-01  8.7000e+01
  1.2800e+01  9.4472e-16  9.4111e-18  4.9112e+00 -2.3662e-02  9.5116e-01  8.7000e+01
  1.2900e+01  9.1205e-16  9.0502e-18  4.7414e+00 -2.4651e-02  9.5128e-01  8.7000e+01
  1.3000e+01  8.8303e-16  8.7087e-18  4.5905e+00 -2.5645e-02  9.5143e-01  8.7000e+01
  1.3100e+01  8.5632e-16  8.3783e-18  4.4517e+00 -2.6735e-02  9.5158e-01  8.7000e+01
  1.3200e+01  8.3126e-16  8.0611e-18  4.3213e+00 -2.7864e-02  9.5173e-01  8.7000e+01
  1.3300e+01  8.0746e-16  7.7593e-18  4.1977e+00 -2.8977e-02  9.5189e-01  8.7000e+01
  1.3400e+01  7.8423e-16  7.4635e-18  4.0769e+00 -3.0219e-02  9.5203e-01  8.7000e+01
  1.3500e+01  7.6204e-16  7.1733e-18  3.9616e+00 -3.1600e-02  9.5214e-01  8.7000e+01
  1.4000e+01  6.8946e-16  5.8528e-18  3.5843e+00 -3.9763e-02  9.5274e-01  8.6000e+01
  1.4500e+01  6.9416e-16  4.8452e-18  3.6086e+00 -4.7202e-02  9.5349e-01  8.6000e+01
  1.5000e+01  7.3840e-16  4.1368e-18  3.8386e+00 -5.1564e-02  9.5458e-01  8.6000e+01
  1.6000e+01  8.5519e-16  3.2072e-18  4.4457e+00 -5.4446e-02  9.5765e-01  8.6000e+01
  1.7000e+01  9.7268e-16  2.6742e-18  5.0566e+00 -5.1712e-02  9.6172e-01  8.6000e+01
  1.8000e+01  1.0377e-15  2.3342e-18  5.3944e+00 -4.6461e-02  9.6583e-01  8.6000e+01
  1.9000e+01  1.0199e-15  2.0542e-18  5.3017e+00 -4.1661e-02  9.6941e-01  8.7000e+01
  2.0000e+01  9.3672e-16  1.7639e-18  4.8697e+00 -3.9219e-02  9.7176e-01  8.7000e+01
  2.2000e+01  7.8877e-16  1.2479e-18  4.1005e+00 -3.8496e-02  9.7392e-01  8.7000e+01
  2.3000e+01  7.2892e-16  1.0538e-18  3.7893e+00 -3.8391e-02  9.7467e-01  8.7000e+01
  2.4000e+01  6.8259e-16  8.9617e-19  3.5484e+00 -3.8300e-02  9.7541e-01  8.7000e+01
  2.5000e+01  6.4210e-16  7.6795e-19  3.3380e+00 -3.8381e-02  9.7612e-01  8.7000e+01
  2.6000e+01  6.0557e-16  6.5938e-19  3.1481e+00 -3.8799e-02  9.7643e-01  8.7000e+01
  2.7000e+01  5.7326e-16  5.6975e-19  2.9802e+00 -3.9089e-02  9.7665e-01  8.7000e+01
  2.8000e+01  5.4475e-16  4.9542e-19  2.8319e+00 -3.9312e-02  9.7683e-01  8.7000e+01
  3.0000e+01  4.9610e-16  3.8056e-19  2.5791e+00 -3.9491e-02  9.7711e-01  8.7000e+01
  3.5000e+01  4.0056e-16  2.1056e-19  2.0824e+00 -3.9596e-02  9.7720e-01  8.7000e+01
  4.0000e+01  3.2714e-16  1.2630e-19  1.7006e+00 -3.8859e-02  9.7703e-01  8.8000e+01
  4.5000e+01  2.6681e-16  8.0247e-20  1.3871e+00 -3.8053e-02  9.7628e-01  8.8000e+01
  5.0000e+01  2.1918e-16  5.3252e-20  1.1394e+00 -3.6396e-02  9.7457e-01  8.8000e+01
  5.5000e+01  1.8177e-16  3.6633e-20  9.4495e-01 -3.2944e-02  9.7325e-01  8.8000e+01
  6.0000e+01  1.5236e-16  2.5976e-20  7.9207e-01 -2.8662e-02  9.7222e-01  8.8000e+01
  6.5000e+01  1.2907e-16  1.8906e-20  6.7097e-01 -2.3916e-02  9.7152e-01  8.9000e+01
  7.0000e+01  1.1041e-16  1.4074e-20  5.7396e-01 -1.8918e-02  9.7144e-01  8.9000e+01
  7.5000e+01  9.5381e-17  1.0684e-20  4.9585e-01 -1.3867e-02  9.7161e-01  8.9000e+01
  8.0000e+01  8.3086e-17  8.2523e-21  4.3194e-01 -8.8199e-03  9.7198e-01  8.9000e+01
  8.5000e+01  7.2971e-17  6.4711e-21  3.7935e-01 -3.9135e-03  9.7326e-01  9.0000e+01
  9.0000e+01  6.4568e-17  5.1423e-21  3.3566e-01  3.1820e-04  9.7555e-01  9.0000e+01
  9.5000e+01  5.7567e-17  4.1357e-21  2.9927e-01  3.6898e-03  9.7817e-01  9.0000e+01
  1.0000e+02  5.1632e-17  3.3629e-21  2.6841e-01  6.5746e-03  9.8091e-01  9.0000e+01
  1.0500e+02  4.6576e-17  2.7610e-21  2.4213e-01  8.8057e-03  9.8441e-01  9.0000e+01
  1.1000e+02  4.2286e-17  2.2866e-21  2.1983e-01  9.8338e-03  9.8857e-01  9.1000e+01
  1.2000e+02  3.5573e-17  1.6075e-21  1.8493e-01  7.9940e-03  9.9540e-01  9.0000e+01
  1.3000e+02  3.0614e-17  1.1652e-21  1.5915e-01  4.1119e-03  9.9827e-01  9.0000e+01
  1.4000e+02  2.6655e-17  8.6697e-22  1.3857e-01  8.4228e-04  9.9909e-01  9.0000e+01
  1.5000e+02  2.3129e-17  6.5877e-22  1.2024e-01 -1.5212e-03  9.9927e-01  9.0000e+01
  2.0000e+02  1.2510e-17  2.0838e-22  6.5034e-02 -6.6015e-03  9.9891e-01  9.0000e+01
  2.5000e+02  7.9413e-18  8.5292e-23  4.1284e-02 -7.8151e-03  9.9868e-01  9.0000e+01
  3.0000e+02  5.5084e-18  4.1107e-23  2.8636e-02 -7.9347e-03  9.9861e-01  9.0000e+01
  4.0000e+02  3.1069e-18  1.3000e-23  1.6152e-02 -7.1703e-03  9.9869e-01  9.0000e+01
  5.0000e+02  1.9957e-18  5.3235e-24  1.0375e-02 -6.1154e-03  9.9884e-01  9.0000e+01
  7.0000e+02  1.0244e-18  1.3852e-24  5.3253e-03 -4.3093e-03  9.9915e-01  9.0000e+01
  1.0000e+03  5.0442e-19  3.3250e-25  2.6222e-03 -2.6404e-03  9.9946e-01  9.0000e+01
  3.6000e+04  6.3810e-19  3.3251e-25  2.5500e-06 -2.6403e-03  9.9946e-01  9.0000e+01
