  5.0000E-02  1.0389E-13  5.4977E-14  4.3547E+02  8.7784E-01  7.8496E-01  9.4000E+01
  6.0000E-02  1.1386E-13  6.1336E-14  4.7725E+02  8.2805E-01  7.4561E-01  7.3000E+01
  8.0000E-02  1.3485E-13  6.6231E-14  5.6525E+02  7.8195E-01  7.4433E-01  6.4000E+01
  1.0000E-01  1.4162E-13  6.7934E-14  5.9362E+02  7.3617E-01  5.7839E-01  6.7000E+01
  1.2000E-01  1.4379E-13  6.8247E-14  6.0273E+02  7.1083E-01  4.1854E-01  7.9000E+01
  1.5000E-01  1.3468E-13  6.4370E-14  5.6455E+02  6.7291E-01  3.5866E-01  9.0000E+01
  2.0000E-01  1.1452E-13  6.8606E-14  4.8001E+02  5.8915E-01  3.0543E-01  7.7000E+01
  2.5000E-01  1.1678E-13  7.3668E-14  4.8950E+02  5.1221E-01  3.0750E-01  7.4000E+01
  3.0000E-01  1.0284E-13  6.2630E-14  4.3107E+02  5.1314E-01  2.9012E-01  8.4000E+01
  3.6000E-01  9.3271E-14  5.5773E-14  3.9096E+02  5.1182E-01  3.0989E-01  8.6000E+01
  4.4000E-01  8.2730E-14  4.9083E-14  3.4677E+02  4.9082E-01  3.4535E-01  9.3000E+01
  5.5000E-01  6.8146E-14  4.0578E-14  2.8564E+02  4.6389E-01  3.9224E-01  9.4000E+01
  7.0000E-01  5.1718E-14  3.0361E-14  2.1678E+02  4.2571E-01  4.5810E-01  9.5000E+01
  8.5000E-01  3.9792E-14  2.2790E-14  1.6679E+02  3.9347E-01  5.0509E-01  9.5000E+01
  1.0000E+00  3.1260E-14  1.7418E-14  1.3103E+02  3.6767E-01  5.3172E-01  9.5000E+01
  1.1500E+00  2.5100E-14  1.3615E-14  1.0521E+02  3.4768E-01  5.4185E-01  9.5000E+01
  1.3000E+00  2.0597E-14  1.0887E-14  8.6335E+01  3.3122E-01  5.4250E-01  9.4000E+01
  1.7000E+00  1.3269E-14  6.5926E-15  5.5618E+01  2.9591E-01  5.2663E-01  9.3000E+01
  2.0000E+00  1.0152E-14  4.8327E-15  4.2554E+01  2.7284E-01  5.1778E-01  9.2000E+01
  2.2000E+00  8.6375E-15  3.9986E-15  3.6205E+01  2.5509E-01  5.1992E-01  9.2000E+01
  2.7000E+00  6.0507E-15  2.5827E-15  2.5362E+01  2.1333E-01  5.4998E-01  9.0000E+01
  3.0000E+00  7.4060E-15  1.9848E-15  3.1043E+01  2.0163E-01  6.3066E-01  9.0000E+01
  3.1000E+00  6.7365E-15  2.0322E-15  2.8237E+01  1.9035E-01  6.3994E-01  8.9000E+01
  3.2000E+00  5.5696E-15  1.9633E-15  2.3346E+01  1.8414E-01  6.2418E-01  9.0000E+01
  3.3000E+00  4.8339E-15  1.8326E-15  2.0262E+01  1.7296E-01  6.2491E-01  9.0000E+01
  3.4000E+00  4.4025E-15  1.7022E-15  1.8454E+01  1.6285E-01  6.3224E-01  8.9000E+01
  3.5000E+00  4.1061E-15  1.5837E-15  1.7211E+01  1.5387E-01  6.4197E-01  8.9000E+01
  3.6000E+00  3.8746E-15  1.4762E-15  1.6241E+01  1.4489E-01  6.5201E-01  8.9000E+01
  3.7000E+00  3.6762E-15  1.3779E-15  1.5409E+01  1.3586E-01  6.6143E-01  8.9000E+01
  3.8000E+00  3.4983E-15  1.2890E-15  1.4664E+01  1.2779E-01  6.7037E-01  8.8000E+01
  3.9000E+00  3.3393E-15  1.2082E-15  1.3997E+01  1.2057E-01  6.7949E-01  8.8000E+01
  4.0000E+00  3.1943E-15  1.1345E-15  1.3389E+01  1.1366E-01  6.8890E-01  8.8000E+01
  4.1000E+00  3.0583E-15  1.0658E-15  1.2819E+01  1.0654E-01  6.9820E-01  8.8000E+01
  4.2000E+00  2.9330E-15  1.0019E-15  1.2294E+01  9.9326E-02  7.0687E-01  8.8000E+01
  4.3000E+00  2.8195E-15  9.4237E-16  1.1818E+01  9.2502E-02  7.1491E-01  8.8000E+01
  4.4000E+00  2.7208E-15  8.8772E-16  1.1405E+01  8.6420E-02  7.2280E-01  8.8000E+01
  4.5000E+00  2.6280E-15  8.3784E-16  1.1016E+01  8.0704E-02  7.3101E-01  8.7000E+01
  5.0000E+00  2.1337E-15  6.3091E-16  8.9436E+00  5.1944E-02  7.6693E-01  8.7000E+01
  5.5000E+00  1.8138E-15  4.7696E-16  7.6026E+00  2.7270E-02  7.9754E-01  8.6000E+01
  6.0000E+00  1.6546E-15  3.6559E-16  6.9354E+00  7.4734E-03  8.2275E-01  8.5000E+01
  6.5000E+00  1.4364E-15  2.8620E-16  6.0206E+00 -9.9832E-03  8.4375E-01  8.5000E+01
  7.0000E+00  1.2722E-15  2.2385E-16  5.3325E+00 -2.5316E-02  8.6068E-01  8.4000E+01
  7.5000E+00  1.1992E-15  1.7588E-16  5.0266E+00 -3.8969E-02  8.7447E-01  8.4000E+01
  8.0000E+00  1.5289E-15  1.3992E-16  6.4087E+00 -5.0510E-02  8.8657E-01  8.4000E+01
  8.5000E+00  2.2307E-15  1.1382E-16  9.3502E+00 -5.9467E-02  8.9784E-01  8.3000E+01
  9.0000E+00  3.0176E-15  9.5002E-17  1.2648E+01 -6.4796E-02  9.0807E-01  8.3000E+01
  9.4000E+00  3.5885E-15  8.4572E-17  1.5041E+01 -6.5939E-02  9.1624E-01  8.4000E+01
  9.5500E+00  3.5948E-15  8.0670E-17  1.5068E+01 -6.6500E-02  9.1867E-01  8.4000E+01
  9.7000E+00  3.5088E-15  7.6527E-17  1.4708E+01 -6.7478E-02  9.2063E-01  8.4000E+01
  9.8500E+00  3.3983E-15  7.2360E-17  1.4244E+01 -6.8619E-02  9.2225E-01  8.4000E+01
  1.0000E+01  3.2951E-15  6.8298E-17  1.3812E+01 -6.9747E-02  9.2360E-01  8.4000E+01
  1.0500E+01  2.9714E-15  5.6190E-17  1.2455E+01 -7.1968E-02  9.2682E-01  8.4000E+01
  1.1000E+01  2.6930E-15  4.7101E-17  1.1288E+01 -7.0782E-02  9.2941E-01  8.4000E+01
  1.1100E+01  2.6501E-15  4.5920E-17  1.1108E+01 -7.0412E-02  9.3051E-01  8.4000E+01
  1.1200E+01  2.5960E-15  4.4772E-17  1.0881E+01 -7.0359E-02  9.3167E-01  8.4000E+01
  1.1300E+01  2.5345E-15  4.3659E-17  1.0623E+01 -7.0409E-02  9.3281E-01  8.4000E+01
  1.1400E+01  2.4793E-15  4.2225E-17  1.0392E+01 -7.1973E-02  9.3396E-01  8.4000E+01
  1.1500E+01  2.4207E-15  4.1038E-17  1.0146E+01 -7.2624E-02  9.3497E-01  8.4000E+01
  1.1600E+01  2.3387E-15  4.0738E-17  9.8031E+00 -6.9370E-02  9.3573E-01  8.4000E+01
  1.1700E+01  2.2708E-15  3.9694E-17  9.5185E+00 -6.9509E-02  9.3665E-01  8.4000E+01
  1.1800E+01  2.2047E-15  3.8480E-17  9.2413E+00 -7.0554E-02  9.3763E-01  8.4000E+01
  1.1900E+01  2.1338E-15  3.7374E-17  8.9440E+00 -7.1168E-02  9.3850E-01  8.4000E+01
  1.2000E+01  2.0599E-15  3.6276E-17  8.6342E+00 -7.1844E-02  9.3930E-01  8.4000E+01
  1.2100E+01  1.9878E-15  3.5200E-17  8.3321E+00 -7.2476E-02  9.4005E-01  8.4000E+01
  1.2200E+01  1.9200E-15  3.4151E-17  8.0479E+00 -7.3080E-02  9.4076E-01  8.4000E+01
  1.2300E+01  1.8568E-15  3.3131E-17  7.7830E+00 -7.3680E-02  9.4146E-01  8.4000E+01
  1.2400E+01  1.7971E-15  3.2138E-17  7.5326E+00 -7.4271E-02  9.4213E-01  8.4000E+01
  1.2500E+01  1.7367E-15  3.1162E-17  7.2797E+00 -7.4943E-02  9.4277E-01  8.4000E+01
  1.2600E+01  1.6761E-15  3.0204E-17  7.0257E+00 -7.5675E-02  9.4337E-01  8.4000E+01
  1.2700E+01  1.6185E-15  2.9267E-17  6.7843E+00 -7.6381E-02  9.4393E-01  8.4000E+01
  1.2800E+01  1.5615E-15  2.8348E-17  6.5452E+00 -7.7146E-02  9.4445E-01  8.4000E+01
  1.2900E+01  1.5065E-15  2.7455E-17  6.3145E+00 -7.7927E-02  9.4494E-01  8.4000E+01
  1.3000E+01  1.4565E-15  2.6596E-17  6.1052E+00 -7.8641E-02  9.4542E-01  8.4000E+01
  1.3100E+01  1.4098E-15  2.5759E-17  5.9093E+00 -7.9372E-02  9.4587E-01  8.4000E+01
  1.3200E+01  1.3652E-15  2.4945E-17  5.7223E+00 -8.0102E-02  9.4630E-01  8.4000E+01
  1.3300E+01  1.3225E-15  2.4158E-17  5.5434E+00 -8.0797E-02  9.4671E-01  8.4000E+01
  1.3400E+01  1.2810E-15  2.3390E-17  5.3696E+00 -8.1547E-02  9.4710E-01  8.4000E+01
  1.3500E+01  1.2421E-15  2.2644E-17  5.2063E+00 -8.2316E-02  9.4747E-01  8.4000E+01
  1.4000E+01  1.0986E-15  1.9267E-17  4.6049E+00 -8.6047E-02  9.4913E-01  8.4000E+01
  1.4500E+01  1.0549E-15  1.6462E-17  4.4219E+00 -8.9368E-02  9.5059E-01  8.3000E+01
  1.5000E+01  1.0723E-15  1.4186E-17  4.4947E+00 -9.1738E-02  9.5202E-01  8.3000E+01
  1.6000E+01  1.1743E-15  1.0796E-17  4.9223E+00 -9.4032E-02  9.5459E-01  8.3000E+01
  1.7000E+01  1.2964E-15  8.5040E-18  5.4341E+00 -9.3882E-02  9.5723E-01  8.4000E+01
  1.8000E+01  1.3590E-15  6.8510E-18  5.6964E+00 -9.2531E-02  9.5980E-01  8.4000E+01
  1.9000E+01  1.3385E-15  5.5954E-18  5.6105E+00 -9.0625E-02  9.6201E-01  8.4000E+01
  2.0000E+01  1.2382E-15  4.6063E-18  5.1902E+00 -8.9533E-02  9.6410E-01  8.4000E+01
  2.2000E+01  1.0438E-15  3.1324E-18  4.3751E+00 -8.9934E-02  9.6634E-01  8.4000E+01
  2.3000E+01  9.6869E-16  2.6127E-18  4.0604E+00 -8.9838E-02  9.6710E-01  8.4000E+01
  2.4000E+01  9.1188E-16  2.1992E-18  3.8222E+00 -8.9480E-02  9.6787E-01  8.4000E+01
  2.5000E+01  8.6271E-16  1.8672E-18  3.6162E+00 -8.9407E-02  9.6870E-01  8.4000E+01
  2.6000E+01  8.1915E-16  1.5949E-18  3.4336E+00 -8.9683E-02  9.6899E-01  8.4000E+01
  2.7000E+01  7.8175E-16  1.3723E-18  3.2768E+00 -8.9679E-02  9.6910E-01  8.4000E+01
  2.8000E+01  7.4951E-16  1.1887E-18  3.1416E+00 -8.9550E-02  9.6911E-01  8.4000E+01
  3.0000E+01  6.9587E-16  9.0742E-19  2.9168E+00 -8.8729E-02  9.6899E-01  8.5000E+01
  3.5000E+01  6.1176E-16  4.9806E-19  2.5643E+00 -8.5167E-02  9.6757E-01  8.5000E+01
  4.0000E+01  5.8242E-16  3.1024E-19  2.4413E+00 -7.8132E-02  9.6671E-01  8.5000E+01
  4.5000E+01  5.2048E-16  2.1282E-19  2.1816E+00 -7.1908E-02  9.6699E-01  8.6000E+01
  5.0000E+01  3.8973E-16  1.4411E-19  1.6336E+00 -6.9006E-02  9.6441E-01  8.6000E+01
  5.5000E+01  3.1085E-16  9.9561E-20  1.3030E+00 -6.2606E-02  9.6128E-01  8.6000E+01
  6.0000E+01  2.7426E-16  6.9618E-20  1.1496E+00 -5.3881E-02  9.5775E-01  8.7000E+01
  6.5000E+01  2.3566E-16  5.1923E-20  9.8779E-01 -4.3741E-02  9.5661E-01  8.7000E+01
  7.0000E+01  1.9424E-16  3.8831E-20  8.1417E-01 -3.3829E-02  9.5593E-01  8.8000E+01
  7.5000E+01  1.6403E-16  2.9470E-20  6.8753E-01 -2.3423E-02  9.5579E-01  8.9000E+01
  8.0000E+01  1.3975E-16  2.2727E-20  5.8579E-01 -1.2833E-02  9.5679E-01  8.9000E+01
  8.5000E+01  1.2110E-16  1.7763E-20  5.0761E-01 -2.5031E-03  9.5953E-01  9.0000E+01
  9.0000E+01  1.0660E-16  1.4078E-20  4.4685E-01  6.0362E-03  9.6439E-01  9.0000E+01
  9.5000E+01  9.4655E-17  1.1299E-20  3.9676E-01  1.2224E-02  9.6986E-01  9.1000E+01
  1.0000E+02  8.4677E-17  9.1704E-21  3.5493E-01  1.6836E-02  9.7544E-01  9.1000E+01
  1.0500E+02  7.6319E-17  7.5192E-21  3.1990E-01  1.9412E-02  9.8154E-01  9.1000E+01
  1.1000E+02  6.9257E-17  6.2212E-21  2.9030E-01  1.9299E-02  9.8744E-01  9.1000E+01
  1.2000E+02  5.8292E-17  4.3705E-21  2.4434E-01  1.3563E-02  9.9521E-01  9.1000E+01
  1.3000E+02  5.0167E-17  3.1703E-21  2.1028E-01  6.5179E-03  9.9802E-01  9.0000E+01
  1.4000E+02  4.3716E-17  2.3627E-21  1.8324E-01  1.0726E-03  9.9893E-01  9.0000E+01
  1.5000E+02  3.7961E-17  1.7984E-21  1.5912E-01 -2.7936E-03  9.9912E-01  9.0000E+01
  2.0000E+02  1.9826E-17  5.6982E-22  8.3102E-02 -1.1036E-02  9.9879E-01  8.9000E+01
  2.5000E+02  1.2319E-17  2.3275E-22  5.1637E-02 -1.2955E-02  9.9861E-01  8.9000E+01
  3.0000E+02  8.5234E-18  1.1204E-22  3.5727E-02 -1.3074E-02  9.9852E-01  8.9000E+01
  4.0000E+02  4.8601E-18  3.5403E-23  2.0372E-02 -1.1686E-02  9.9853E-01  8.9000E+01
  5.0000E+02  3.1501E-18  1.4493E-23  1.3204E-02 -9.8684E-03  9.9862E-01  8.9000E+01
  7.0000E+02  1.6380E-18  3.7706E-24  6.8658E-03 -6.8399E-03  9.9895E-01  9.0000E+01
  1.0000E+03  8.1650E-19  9.0505E-25  3.4225E-03 -4.1231E-03  9.9935E-01  9.0000E+01
  3.6000e+04  8.9580e-19  9.0505e-25  2.8507e-06 -4.1230e-03  9.9935e-01  9.0000e+01
