1.1000e-02 1.6907e-13 6.3083e-14 7.0866e+02 7.2517e-01 8.7469e-01 8.4000e+01 
1.1454e-02 1.6907e-13 6.3083e-14 7.0866e+02 7.2517e-01 8.7469e-01 8.4000e+01 
1.1926e-02 1.6907e-13 6.3083e-14 7.0866e+02 7.2517e-01 8.7469e-01 8.4000e+01 
1.2418e-02 1.6907e-13 6.3083e-14 7.0866e+02 7.2517e-01 8.7469e-01 8.4000e+01 
1.2930e-02 1.6907e-13 6.3083e-14 7.0866e+02 7.2517e-01 8.7469e-01 8.4000e+01 
1.3463e-02 1.6907e-13 6.3083e-14 7.0866e+02 7.2517e-01 8.7469e-01 8.4000e+01 
1.4019e-02 1.6907e-13 6.3083e-14 7.0866e+02 7.2517e-01 8.7469e-01 8.4000e+01 
1.4597e-02 1.6907e-13 6.3083e-14 7.0866e+02 7.2517e-01 8.7469e-01 8.4000e+01 
1.5199e-02 1.6907e-13 6.3083e-14 7.0866e+02 7.2517e-01 8.7469e-01 8.4000e+01 
1.5826e-02 1.6907e-13 6.3083e-14 7.0866e+02 7.2517e-01 8.7469e-01 8.4000e+01 
1.6478e-02 1.6907e-13 6.3083e-14 7.0866e+02 7.2517e-01 8.7469e-01 8.4000e+01 
1.7158e-02 1.6907e-13 6.3083e-14 7.0866e+02 7.2517e-01 8.7469e-01 8.4000e+01 
1.7865e-02 1.6907e-13 6.3083e-14 7.0866e+02 7.2517e-01 8.7469e-01 8.4000e+01 
1.8602e-02 1.6907e-13 6.3083e-14 7.0866e+02 7.2517e-01 8.7469e-01 8.4000e+01 
1.9369e-02 1.6907e-13 6.3083e-14 7.0866e+02 7.2517e-01 8.7469e-01 8.4000e+01 
2.0168e-02 1.6907e-13 6.3083e-14 7.0866e+02 7.2517e-01 8.7469e-01 8.4000e+01 
2.1000e-02 1.6907e-13 6.3083e-14 7.0866e+02 7.2517e-01 8.7469e-01 8.4000e+01 
2.2048e-02 1.6907e-13 6.3083e-14 7.0866e+02 7.2517e-01 8.7469e-01 8.4000e+01 
2.3148e-02 1.6907e-13 6.3083e-14 7.0866e+02 7.2517e-01 8.7469e-01 8.4000e+01 
2.4302e-02 1.6907e-13 6.3083e-14 7.0866e+02 7.2517e-01 8.7469e-01 8.4000e+01 
2.5515e-02 1.6907e-13 6.3083e-14 7.0866e+02 7.2517e-01 8.7469e-01 8.4000e+01 
2.6788e-02 1.6907e-13 6.3083e-14 7.0866e+02 7.2517e-01 8.7469e-01 8.4000e+01 
2.8124e-02 1.6907e-13 6.3083e-14 7.0866e+02 7.2517e-01 8.7469e-01 8.4000e+01 
2.9527e-02 1.6907e-13 6.3083e-14 7.0866e+02 7.2517e-01 8.7469e-01 8.4000e+01 
3.1000e-02 1.6907e-13 6.3083e-14 7.0866e+02 7.2517e-01 8.7469e-01 8.4000e+01 
3.2103e-02 1.6907e-13 6.3083e-14 7.0866e+02 7.2517e-01 8.7469e-01 8.4000e+01 
3.3244e-02 1.6907e-13 6.3083e-14 7.0866e+02 7.2517e-01 8.7469e-01 8.4000e+01 
3.4427e-02 1.6907e-13 6.3083e-14 7.0866e+02 7.2517e-01 8.7469e-01 8.4000e+01 
3.5651e-02 1.6907e-13 6.3083e-14 7.0866e+02 7.2517e-01 8.7469e-01 8.4000e+01 
3.6919e-02 1.6907e-13 6.3083e-14 7.0866e+02 7.2517e-01 8.7469e-01 8.4000e+01 
3.8232e-02 1.6907e-13 6.3083e-14 7.0866e+02 7.2517e-01 8.7469e-01 8.4000e+01 
3.9592e-02 1.6907e-13 6.3083e-14 7.0866e+02 7.2517e-01 8.7469e-01 8.4000e+01 
4.1000e-02 1.6907e-13 6.3083e-14 7.0866e+02 7.2517e-01 8.7469e-01 8.4000e+01 
4.3085e-02 1.6436e-13 6.3780e-14 6.8894e+02 7.4547e-01 8.7261e-01 8.4750e+01 
4.5277e-02 1.5979e-13 6.4485e-14 6.6976e+02 7.6576e-01 8.7054e-01 8.5500e+01 
4.7580e-02 1.5534e-13 6.5198e-14 6.5112e+02 7.8605e-01 8.6847e-01 8.6250e+01 
5.0000e-02 1.5102e-13 6.5919e-14 6.3300e+02 8.0635e-01 8.6639e-01 8.7000e+01 
5.2332e-02 1.5900e-13 6.8276e-14 6.6644e+02 7.8945e-01 8.6292e-01 8.5500e+01 
5.4772e-02 1.6740e-13 7.0716e-14 7.0166e+02 7.7254e-01 8.5946e-01 8.4000e+01 
5.7327e-02 1.7624e-13 7.3245e-14 7.3873e+02 7.5564e-01 8.5599e-01 8.2500e+01 
6.0000e-02 1.8555e-13 7.5863e-14 7.7776e+02 7.3874e-01 8.5253e-01 8.1000e+01 
6.2197e-02 1.9224e-13 7.7231e-14 8.0582e+02 7.2742e-01 8.4360e-01 8.0375e+01 
6.4474e-02 1.9918e-13 7.8623e-14 8.3489e+02 7.1611e-01 8.3467e-01 7.9750e+01 
6.6835e-02 2.0636e-13 8.0040e-14 8.6501e+02 7.0479e-01 8.2574e-01 7.9125e+01 
6.9282e-02 2.1380e-13 8.1483e-14 8.9621e+02 6.9348e-01 8.1682e-01 7.8500e+01 
7.1819e-02 2.2152e-13 8.2952e-14 9.2854e+02 6.8217e-01 8.0789e-01 7.7875e+01 
7.4448e-02 2.2951e-13 8.4448e-14 9.6204e+02 6.7085e-01 7.9896e-01 7.7250e+01 
7.7174e-02 2.3778e-13 8.5970e-14 9.9674e+02 6.5953e-01 7.9003e-01 7.6625e+01 
8.0000e-02 2.4636e-13 8.7520e-14 1.0327e+03 6.4822e-01 7.8110e-01 7.6000e+01 
8.4590e-02 2.3827e-13 8.6794e-14 9.9878e+02 6.4302e-01 7.4931e-01 7.7000e+01 
8.9443e-02 2.3045e-13 8.6075e-14 9.6597e+02 6.3783e-01 7.1752e-01 7.8000e+01 
9.4574e-02 2.2288e-13 8.5361e-14 9.3425e+02 6.3263e-01 6.8574e-01 7.9000e+01 
1.0000e-01 2.1556e-13 8.4653e-14 9.0356e+02 6.2744e-01 6.5395e-01 8.0000e+01 
1.0466e-01 2.0421e-13 8.2418e-14 8.5598e+02 6.3560e-01 6.2147e-01 8.2500e+01 
1.0954e-01 1.9346e-13 8.0242e-14 8.1090e+02 6.4375e-01 5.8898e-01 8.5000e+01 
1.1465e-01 1.8327e-13 7.8124e-14 7.6819e+02 6.5190e-01 5.5649e-01 8.7500e+01 
1.2000e-01 1.7362e-13 7.6061e-14 7.2774e+02 6.6006e-01 5.2401e-01 9.0000e+01 
1.2688e-01 1.6764e-13 7.3695e-14 7.0267e+02 6.5822e-01 4.9700e-01 9.1250e+01 
1.3416e-01 1.6186e-13 7.1403e-14 6.7847e+02 6.5639e-01 4.6998e-01 9.2500e+01 
1.4186e-01 1.5628e-13 6.9183e-14 6.5510e+02 6.5455e-01 4.4297e-01 9.3750e+01 
1.5000e-01 1.5090e-13 6.7031e-14 6.3253e+02 6.5272e-01 4.1596e-01 9.5000e+01 
1.5549e-01 1.5099e-13 6.7403e-14 6.3290e+02 6.4335e-01 4.0454e-01 9.3000e+01 
1.6119e-01 1.5107e-13 6.7777e-14 6.3326e+02 6.3398e-01 3.9313e-01 9.1000e+01 
1.6709e-01 1.5116e-13 6.8153e-14 6.3363e+02 6.2461e-01 3.8171e-01 8.9000e+01 
1.7321e-01 1.5125e-13 6.8531e-14 6.3400e+02 6.1524e-01 3.7030e-01 8.7000e+01 
1.7955e-01 1.5134e-13 6.8911e-14 6.3437e+02 6.0587e-01 3.5888e-01 8.5000e+01 
1.8612e-01 1.5142e-13 6.9294e-14 6.3473e+02 5.9650e-01 3.4747e-01 8.3000e+01 
1.9294e-01 1.5151e-13 6.9678e-14 6.3510e+02 5.8713e-01 3.3605e-01 8.1000e+01 
2.0000e-01 1.5160e-13 7.0065e-14 6.3547e+02 5.7776e-01 3.2464e-01 7.9000e+01 
2.1147e-01 1.4817e-13 7.1226e-14 6.2109e+02 5.5942e-01 3.2317e-01 7.8000e+01 
2.2361e-01 1.4482e-13 7.2407e-14 6.0703e+02 5.4109e-01 3.2171e-01 7.7000e+01 
2.3644e-01 1.4154e-13 7.3607e-14 5.9330e+02 5.2275e-01 3.2025e-01 7.6000e+01 
2.5000e-01 1.3834e-13 7.4827e-14 5.7987e+02 5.0441e-01 3.1878e-01 7.5000e+01 
2.6166e-01 1.3170e-13 7.1673e-14 5.5205e+02 5.0589e-01 3.1306e-01 7.7250e+01 
2.7386e-01 1.2538e-13 6.8652e-14 5.2557e+02 5.0738e-01 3.0734e-01 7.9500e+01 
2.8663e-01 1.1937e-13 6.5759e-14 5.0035e+02 5.0886e-01 3.0163e-01 8.1750e+01 
3.0000e-01 1.1364e-13 6.2987e-14 4.7635e+02 5.1034e-01 2.9591e-01 8.4000e+01 
3.1399e-01 1.1015e-13 6.1141e-14 4.6170e+02 5.1038e-01 3.0008e-01 8.4500e+01 
3.2863e-01 1.0676e-13 5.9348e-14 4.4751e+02 5.1043e-01 3.0425e-01 8.5000e+01 
3.4396e-01 1.0348e-13 5.7609e-14 4.3375e+02 5.1048e-01 3.0842e-01 8.5500e+01 
3.6000e-01 1.0030e-13 5.5920e-14 4.2041e+02 5.1052e-01 3.1259e-01 8.6000e+01 
3.7852e-01 9.6926e-14 5.4144e-14 4.0627e+02 5.0544e-01 3.2112e-01 8.7750e+01 
3.9799e-01 9.3666e-14 5.2424e-14 3.9261e+02 5.0036e-01 3.2964e-01 8.9500e+01 
4.1847e-01 9.0515e-14 5.0758e-14 3.7940e+02 4.9529e-01 3.3817e-01 9.1250e+01 
4.4000e-01 8.7470e-14 4.9146e-14 3.6664e+02 4.9021e-01 3.4670e-01 9.3000e+01 
4.6524e-01 8.3128e-14 4.6855e-14 3.4844e+02 4.8356e-01 3.5823e-01 9.3250e+01 
4.9193e-01 7.9001e-14 4.4671e-14 3.3114e+02 4.7691e-01 3.6976e-01 9.3500e+01 
5.2016e-01 7.5079e-14 4.2588e-14 3.1470e+02 4.7026e-01 3.8128e-01 9.3750e+01 
5.5000e-01 7.1352e-14 4.0603e-14 2.9908e+02 4.6361e-01 3.9281e-01 9.4000e+01 
5.8418e-01 6.6534e-14 3.7760e-14 2.7888e+02 4.5410e-01 4.0919e-01 9.4250e+01 
6.2048e-01 6.2040e-14 3.5116e-14 2.6005e+02 4.4460e-01 4.2558e-01 9.4500e+01 
6.5904e-01 5.7851e-14 3.2657e-14 2.4249e+02 4.3509e-01 4.4196e-01 9.4750e+01 
7.0000e-01 5.3944e-14 3.0370e-14 2.2611e+02 4.2558e-01 4.5834e-01 9.5000e+01 
7.3482e-01 5.0502e-14 2.8268e-14 2.1168e+02 4.1754e-01 4.7006e-01 9.5000e+01 
7.7136e-01 4.7279e-14 2.6311e-14 1.9817e+02 4.0949e-01 4.8178e-01 9.5000e+01 
8.0973e-01 4.4262e-14 2.4489e-14 1.8553e+02 4.0145e-01 4.9350e-01 9.5000e+01 
8.5000e-01 4.1438e-14 2.2794e-14 1.7369e+02 3.9340e-01 5.0522e-01 9.5000e+01 
8.8525e-01 3.9004e-14 2.1312e-14 1.6349e+02 3.8695e-01 5.1187e-01 9.5000e+01 
9.2195e-01 3.6713e-14 1.9927e-14 1.5388e+02 3.8051e-01 5.1852e-01 9.5000e+01 
9.6018e-01 3.4556e-14 1.8631e-14 1.4484e+02 3.7406e-01 5.2516e-01 9.5000e+01 
1.0000e+00 3.2526e-14 1.7420e-14 1.3633e+02 3.6762e-01 5.3181e-01 9.5000e+01 
1.0356e+00 3.0788e-14 1.6379e-14 1.2904e+02 3.6263e-01 5.3434e-01 9.5000e+01 
1.0724e+00 2.9142e-14 1.5401e-14 1.2215e+02 3.5763e-01 5.3686e-01 9.5000e+01 
1.1105e+00 2.7584e-14 1.4481e-14 1.1562e+02 3.5264e-01 5.3939e-01 9.5000e+01 
1.1500e+00 2.6110e-14 1.3616e-14 1.0944e+02 3.4765e-01 5.4191e-01 9.5000e+01 
1.2227e+00 2.3655e-14 1.2176e-14 9.9151e+01 3.3942e-01 5.4223e-01 9.4500e+01 
1.3000e+00 2.1431e-14 1.0888e-14 8.9829e+01 3.3119e-01 5.4254e-01 9.4000e+01 
1.3902e+00 1.9205e-14 9.6046e-15 8.0498e+01 3.2237e-01 5.3857e-01 9.3750e+01 
1.4866e+00 1.7210e-14 8.4725e-15 7.2136e+01 3.1354e-01 5.3460e-01 9.3500e+01 
1.5897e+00 1.5422e-14 7.4739e-15 6.4643e+01 3.0471e-01 5.3063e-01 9.3250e+01 
1.7000e+00 1.3820e-14 6.5929e-15 5.7928e+01 2.9589e-01 5.2666e-01 9.3000e+01 
1.7705e+00 1.2928e-14 6.1004e-15 5.4189e+01 2.9012e-01 5.2445e-01 9.2750e+01 
1.8439e+00 1.2094e-14 5.6447e-15 5.0691e+01 2.8436e-01 5.2223e-01 9.2500e+01 
1.9204e+00 1.1313e-14 5.2231e-15 4.7419e+01 2.7860e-01 5.2002e-01 9.2250e+01 
2.0000e+00 1.0583e-14 4.8329e-15 4.4358e+01 2.7283e-01 5.1780e-01 9.2000e+01 
2.0976e+00 9.7642e-15 4.3961e-15 4.0927e+01 2.6395e-01 5.1887e-01 9.2000e+01 
2.2000e+00 9.0087e-15 3.9987e-15 3.7761e+01 2.5508e-01 5.1993e-01 9.2000e+01 
2.3156e+00 8.2452e-15 3.5848e-15 3.4561e+01 2.4464e-01 5.2744e-01 9.1500e+01 
2.4372e+00 7.5464e-15 3.2137e-15 3.1632e+01 2.3420e-01 5.3496e-01 9.1000e+01 
2.5652e+00 6.9068e-15 2.8810e-15 2.8951e+01 2.2377e-01 5.4247e-01 9.0500e+01 
2.7000e+00 6.3214e-15 2.5828e-15 2.6497e+01 2.1333e-01 5.4999e-01 9.0000e+01 
2.8460e+00 7.0708e-15 2.2642e-15 2.9638e+01 2.0748e-01 5.9033e-01 9.0000e+01 
3.0000e+00 7.9091e-15 1.9849e-15 3.3152e+01 2.0163e-01 6.3067e-01 9.0000e+01 
3.1000e+00 7.1321e-15 2.0322e-15 2.9895e+01 1.9035e-01 6.3995e-01 8.9000e+01 
3.2000e+00 5.8565e-15 1.9633e-15 2.4548e+01 1.8414e-01 6.2419e-01 9.0000e+01 
3.3000e+00 5.0689e-15 1.8327e-15 2.1247e+01 1.7296e-01 6.2491e-01 9.0000e+01 
3.4000e+00 4.6111e-15 1.7023e-15 1.9328e+01 1.6285e-01 6.3224e-01 8.9000e+01 
3.5000e+00 4.2991e-15 1.5837e-15 1.8020e+01 1.5387e-01 6.4197e-01 8.9000e+01 
3.6000e+00 4.0570e-15 1.4762e-15 1.7005e+01 1.4488e-01 6.5202e-01 8.9000e+01 
3.7000e+00 3.8502e-15 1.3779e-15 1.6139e+01 1.3585e-01 6.6143e-01 8.9000e+01 
3.8000e+00 3.6651e-15 1.2890e-15 1.5363e+01 1.2779e-01 6.7037e-01 8.8000e+01 
3.9000e+00 3.4998e-15 1.2082e-15 1.4670e+01 1.2057e-01 6.7949e-01 8.8000e+01 
4.0000e+00 3.3492e-15 1.1345e-15 1.4038e+01 1.1366e-01 6.8891e-01 8.8000e+01 
4.1000e+00 3.2079e-15 1.0658e-15 1.3446e+01 1.0654e-01 6.9821e-01 8.8000e+01 
4.2000e+00 3.0779e-15 1.0019e-15 1.2901e+01 9.9326e-02 7.0687e-01 8.8000e+01 
4.3000e+00 2.9604e-15 9.4238e-16 1.2409e+01 9.2502e-02 7.1492e-01 8.8000e+01 
4.4000e+00 2.8587e-15 8.8772e-16 1.1983e+01 8.6419e-02 7.2281e-01 8.8000e+01 
4.5000e+00 2.7629e-15 8.3784e-16 1.1581e+01 8.0704e-02 7.3101e-01 8.7000e+01 
4.7434e+00 2.4905e-15 7.2705e-16 1.0439e+01 6.6324e-02 7.4897e-01 8.7000e+01 
5.0000e+00 2.2450e-15 6.3091e-16 9.4104e+00 5.1944e-02 7.6693e-01 8.7000e+01 
5.2440e+00 2.0720e-15 5.4856e-16 8.6853e+00 3.9607e-02 7.8224e-01 8.6500e+01 
5.5000e+00 1.9124e-15 4.7696e-16 8.0161e+00 2.7270e-02 7.9754e-01 8.6000e+01 
5.7446e+00 1.8303e-15 4.1758e-16 7.6720e+00 1.7372e-02 8.1015e-01 8.5500e+01 
6.0000e+00 1.7518e-15 3.6560e-16 7.3427e+00 7.4734e-03 8.2275e-01 8.5000e+01 
6.2450e+00 1.6325e-15 3.2347e-16 6.8429e+00 -1.2549e-03 8.3325e-01 8.5000e+01 
6.5000e+00 1.5214e-15 2.8620e-16 6.3772e+00 -9.9832e-03 8.4375e-01 8.5000e+01 
6.7454e+00 1.4327e-15 2.5311e-16 6.0054e+00 -1.7650e-02 8.5221e-01 8.4500e+01 
7.0000e+00 1.3492e-15 2.2385e-16 5.6552e+00 -2.5316e-02 8.6068e-01 8.4000e+01 
7.5000e+00 1.2707e-15 1.7588e-16 5.3265e+00 -3.8969e-02 8.7447e-01 8.4000e+01 
8.0000e+00 1.6061e-15 1.3992e-16 6.7323e+00 -5.0510e-02 8.8657e-01 8.4000e+01 
8.5000e+00 2.3242e-15 1.1382e-16 9.7421e+00 -5.9467e-02 8.9784e-01 8.3000e+01 
9.0000e+00 3.1312e-15 9.5002e-17 1.3125e+01 -6.4796e-02 9.0807e-01 8.3000e+01 
9.4000e+00 3.7164e-15 8.4573e-17 1.5578e+01 -6.5939e-02 9.1624e-01 8.4000e+01 
9.5500e+00 3.7224e-15 8.0670e-17 1.5603e+01 -6.6500e-02 9.1867e-01 8.4000e+01 
9.7000e+00 3.6337e-15 7.6527e-17 1.5231e+01 -6.7477e-02 9.2063e-01 8.4000e+01 
9.8500e+00 3.5199e-15 7.2361e-17 1.4754e+01 -6.8619e-02 9.2225e-01 8.4000e+01 
1.0000e+01 3.4141e-15 6.8299e-17 1.4310e+01 -6.9747e-02 9.2360e-01 8.4000e+01 
1.0500e+01 3.0882e-15 5.6190e-17 1.2945e+01 -7.1968e-02 9.2682e-01 8.4000e+01 
1.1000e+01 2.8212e-15 4.7101e-17 1.1825e+01 -7.0781e-02 9.2941e-01 8.4000e+01 
1.1100e+01 2.7794e-15 4.5920e-17 1.1650e+01 -7.0412e-02 9.3051e-01 8.4000e+01 
1.1200e+01 2.7251e-15 4.4772e-17 1.1422e+01 -7.0359e-02 9.3167e-01 8.4000e+01 
1.1300e+01 2.6623e-15 4.3659e-17 1.1159e+01 -7.0408e-02 9.3281e-01 8.4000e+01 
1.1400e+01 2.6069e-15 4.2225e-17 1.0927e+01 -7.1972e-02 9.3396e-01 8.4000e+01 
1.1500e+01 2.5472e-15 4.1038e-17 1.0677e+01 -7.2624e-02 9.3497e-01 8.4000e+01 
1.1600e+01 2.4599e-15 4.0738e-17 1.0311e+01 -6.9370e-02 9.3573e-01 8.4000e+01 
1.1700e+01 2.3888e-15 3.9694e-17 1.0013e+01 -6.9509e-02 9.3665e-01 8.4000e+01 
1.1800e+01 2.3202e-15 3.8481e-17 9.7252e+00 -7.0553e-02 9.3763e-01 8.4000e+01 
1.1900e+01 2.2463e-15 3.7375e-17 9.4158e+00 -7.1168e-02 9.3850e-01 8.4000e+01 
1.2000e+01 2.1693e-15 3.6276e-17 9.0930e+00 -7.1844e-02 9.3930e-01 8.4000e+01 
1.2100e+01 2.0941e-15 3.5200e-17 8.7776e+00 -7.2475e-02 9.4005e-01 8.4000e+01 
1.2200e+01 2.0232e-15 3.4151e-17 8.4806e+00 -7.3080e-02 9.4076e-01 8.4000e+01 
1.2300e+01 1.9571e-15 3.3131e-17 8.2034e+00 -7.3679e-02 9.4146e-01 8.4000e+01 
1.2400e+01 1.8945e-15 3.2138e-17 7.9410e+00 -7.4271e-02 9.4213e-01 8.4000e+01 
1.2500e+01 1.8313e-15 3.1162e-17 7.6762e+00 -7.4942e-02 9.4277e-01 8.4000e+01 
1.2600e+01 1.7679e-15 3.0204e-17 7.4103e+00 -7.5675e-02 9.4337e-01 8.4000e+01 
1.2700e+01 1.7076e-15 2.9267e-17 7.1574e+00 -7.6381e-02 9.4393e-01 8.4000e+01 
1.2800e+01 1.6478e-15 2.8349e-17 6.9071e+00 -7.7145e-02 9.4445e-01 8.4000e+01 
1.2900e+01 1.5902e-15 2.7455e-17 6.6656e+00 -7.7927e-02 9.4494e-01 8.4000e+01 
1.3000e+01 1.5379e-15 2.6596e-17 6.4463e+00 -7.8641e-02 9.4542e-01 8.4000e+01 
1.3100e+01 1.4889e-15 2.5759e-17 6.2409e+00 -7.9371e-02 9.4587e-01 8.4000e+01 
1.3200e+01 1.4421e-15 2.4946e-17 6.0446e+00 -8.0102e-02 9.4630e-01 8.4000e+01 
1.3300e+01 1.3973e-15 2.4158e-17 5.8568e+00 -8.0796e-02 9.4671e-01 8.4000e+01 
1.3400e+01 1.3538e-15 2.3390e-17 5.6746e+00 -8.1546e-02 9.4710e-01 8.4000e+01 
1.3500e+01 1.3130e-15 2.2644e-17 5.5034e+00 -8.2316e-02 9.4747e-01 8.4000e+01 
1.4000e+01 1.1620e-15 1.9267e-17 4.8705e+00 -8.6047e-02 9.4913e-01 8.4000e+01 
1.4500e+01 1.1141e-15 1.6462e-17 4.6697e+00 -8.9368e-02 9.5059e-01 8.3000e+01 
1.5000e+01 1.1299e-15 1.4186e-17 4.7362e+00 -9.1738e-02 9.5202e-01 8.3000e+01 
1.6000e+01 1.2332e-15 1.0796e-17 5.1689e+00 -9.4032e-02 9.5459e-01 8.3000e+01 
1.7000e+01 1.3583e-15 8.5040e-18 5.6933e+00 -9.3882e-02 9.5723e-01 8.4000e+01 
1.8000e+01 1.4219e-15 6.8510e-18 5.9602e+00 -9.2530e-02 9.5980e-01 8.4000e+01 
1.9000e+01 1.4014e-15 5.5954e-18 5.8741e+00 -9.0624e-02 9.6201e-01 8.4000e+01 
2.0000e+01 1.2991e-15 4.6063e-18 5.4451e+00 -8.9533e-02 9.6410e-01 8.4000e+01 
2.0976e+01 1.1955e-15 3.7986e-18 5.0109e+00 -8.9734e-02 9.6522e-01 8.4000e+01 
2.2000e+01 1.1001e-15 3.1325e-18 4.6113e+00 -8.9934e-02 9.6634e-01 8.4000e+01 
2.3000e+01 1.0240e-15 2.6127e-18 4.2921e+00 -8.9837e-02 9.6710e-01 8.4000e+01 
2.4000e+01 9.6674e-16 2.1992e-18 4.0522e+00 -8.9479e-02 9.6787e-01 8.4000e+01 
2.5000e+01 9.1733e-16 1.8672e-18 3.8451e+00 -8.9406e-02 9.6870e-01 8.4000e+01 
2.6000e+01 8.7361e-16 1.5949e-18 3.6618e+00 -8.9683e-02 9.6900e-01 8.4000e+01 
2.7000e+01 8.3613e-16 1.3723e-18 3.5047e+00 -8.9678e-02 9.6910e-01 8.4000e+01 
2.8000e+01 8.0389e-16 1.1888e-18 3.3696e+00 -8.9550e-02 9.6911e-01 8.4000e+01 
3.0000e+01 7.5011e-16 9.0742e-19 3.1442e+00 -8.8729e-02 9.6899e-01 8.5000e+01 
3.1179e+01 7.2810e-16 7.8105e-19 3.0519e+00 -8.7838e-02 9.6864e-01 8.5000e+01 
3.2404e+01 7.0674e-16 6.7227e-19 2.9624e+00 -8.6948e-02 9.6828e-01 8.5000e+01 
3.3677e+01 6.8601e-16 5.7865e-19 2.8755e+00 -8.6058e-02 9.6793e-01 8.5000e+01 
3.5000e+01 6.6588e-16 4.9806e-19 2.7911e+00 -8.5167e-02 9.6757e-01 8.5000e+01 
3.7417e+01 6.5152e-16 3.9309e-19 2.7309e+00 -8.1649e-02 9.6714e-01 8.5000e+01 
4.0000e+01 6.3747e-16 3.1024e-19 2.6720e+00 -7.8131e-02 9.6671e-01 8.5000e+01 
4.2426e+01 6.0328e-16 2.5695e-19 2.5287e+00 -7.5019e-02 9.6685e-01 8.5500e+01 
4.5000e+01 5.7093e-16 2.1282e-19 2.3931e+00 -7.1907e-02 9.6699e-01 8.6000e+01 
4.7434e+01 4.9393e-16 1.7513e-19 2.0704e+00 -7.0456e-02 9.6570e-01 8.6000e+01 
5.0000e+01 4.2732e-16 1.4411e-19 1.7912e+00 -6.9006e-02 9.6441e-01 8.6000e+01 
5.2440e+01 3.8166e-16 1.1978e-19 1.5998e+00 -6.5805e-02 9.6284e-01 8.6000e+01 
5.5000e+01 3.4087e-16 9.9562e-20 1.4288e+00 -6.2605e-02 9.6128e-01 8.6000e+01 
5.7446e+01 3.2032e-16 8.3255e-20 1.3427e+00 -5.8242e-02 9.5952e-01 8.6500e+01 
6.0000e+01 3.0100e-16 6.9619e-20 1.2617e+00 -5.3880e-02 9.5775e-01 8.7000e+01 
6.2450e+01 2.7904e-16 6.0123e-20 1.1696e+00 -4.8810e-02 9.5718e-01 8.7000e+01 
6.5000e+01 2.5868e-16 5.1923e-20 1.0843e+00 -4.3741e-02 9.5661e-01 8.7000e+01 
6.7454e+01 2.3486e-16 4.4902e-20 9.8446e-01 -3.8785e-02 9.5627e-01 8.7500e+01 
7.0000e+01 2.1324e-16 3.8831e-20 8.9381e-01 -3.3829e-02 9.5593e-01 8.8000e+01 
7.5000e+01 1.8014e-16 2.9470e-20 7.5506e-01 -2.3423e-02 9.5579e-01 8.9000e+01 
8.0000e+01 1.5356e-16 2.2727e-20 6.4365e-01 -1.2832e-02 9.5679e-01 8.9000e+01 
8.5000e+01 1.3315e-16 1.7763e-20 5.5812e-01 -2.5031e-03 9.5953e-01 9.0000e+01 
9.0000e+01 1.1730e-16 1.4078e-20 4.9169e-01 6.0361e-03 9.6439e-01 9.0000e+01 
9.5000e+01 1.0423e-16 1.1299e-20 4.3688e-01 1.2224e-02 9.6986e-01 9.1000e+01 
1.0000e+02 9.3306e-17 9.1704e-21 3.9110e-01 1.6836e-02 9.7544e-01 9.1000e+01 
1.0500e+02 8.4157e-17 7.5193e-21 3.5275e-01 1.9412e-02 9.8154e-01 9.1000e+01 
1.1000e+02 7.6424e-17 6.2212e-21 3.2034e-01 1.9299e-02 9.8744e-01 9.1000e+01 
1.1489e+02 7.0156e-17 5.2144e-21 2.9407e-01 1.6431e-02 9.9133e-01 9.1000e+01 
1.2000e+02 6.4402e-17 4.3705e-21 2.6995e-01 1.3563e-02 9.9521e-01 9.1000e+01 
1.2490e+02 5.9782e-17 3.7223e-21 2.5059e-01 1.0040e-02 9.9662e-01 9.0500e+01 
1.3000e+02 5.5494e-17 3.1703e-21 2.3261e-01 6.5179e-03 9.9802e-01 9.0000e+01 
1.3491e+02 5.1828e-17 2.7369e-21 2.1724e-01 3.7953e-03 9.9848e-01 9.0000e+01 
1.4000e+02 4.8405e-17 2.3627e-21 2.0289e-01 1.0726e-03 9.9893e-01 9.0000e+01 
1.5000e+02 4.2032e-17 1.7984e-21 1.7618e-01 -2.7936e-03 9.9912e-01 9.0000e+01 
1.5549e+02 3.8742e-17 1.5577e-21 1.6239e-01 -3.8239e-03 9.9908e-01 8.9875e+01 
1.6119e+02 3.5710e-17 1.3493e-21 1.4968e-01 -4.8542e-03 9.9904e-01 8.9750e+01 
1.6709e+02 3.2915e-17 1.1687e-21 1.3797e-01 -5.8845e-03 9.9900e-01 8.9625e+01 
1.7321e+02 3.0339e-17 1.0123e-21 1.2717e-01 -6.9148e-03 9.9896e-01 8.9500e+01 
1.7955e+02 2.7965e-17 8.7684e-22 1.1722e-01 -7.9451e-03 9.9891e-01 8.9375e+01 
1.8612e+02 2.5776e-17 7.5949e-22 1.0804e-01 -8.9754e-03 9.9887e-01 8.9250e+01 
1.9294e+02 2.3758e-17 6.5786e-22 9.9587e-02 -1.0006e-02 9.9883e-01 8.9125e+01 
2.0000e+02 2.1899e-17 5.6982e-22 9.1793e-02 -1.1036e-02 9.9879e-01 8.9000e+01 
2.1147e+02 1.9437e-17 4.5554e-22 8.1474e-02 -1.1516e-02 9.9874e-01 8.9000e+01 
2.2361e+02 1.7252e-17 3.6418e-22 7.2314e-02 -1.1995e-02 9.9870e-01 8.9000e+01 
2.3644e+02 1.5312e-17 2.9114e-22 6.4185e-02 -1.2475e-02 9.9865e-01 8.9000e+01 
2.5000e+02 1.3591e-17 2.3275e-22 5.6969e-02 -1.2955e-02 9.9861e-01 8.9000e+01 
2.6166e+02 1.2393e-17 1.9387e-22 5.1945e-02 -1.2985e-02 9.9859e-01 8.9000e+01 
2.7386e+02 1.1300e-17 1.6148e-22 4.7365e-02 -1.3015e-02 9.9856e-01 8.9000e+01 
2.8663e+02 1.0303e-17 1.3451e-22 4.3188e-02 -1.3044e-02 9.9854e-01 8.9000e+01 
3.0000e+02 9.3949e-18 1.1204e-22 3.9380e-02 -1.3074e-02 9.9852e-01 8.9000e+01 
3.1098e+02 8.7563e-18 9.7013e-23 3.6703e-02 -1.2901e-02 9.9852e-01 8.9000e+01 
3.2237e+02 8.1611e-18 8.4002e-23 3.4209e-02 -1.2727e-02 9.9852e-01 8.9000e+01 
3.3417e+02 7.6064e-18 7.2736e-23 3.1883e-02 -1.2554e-02 9.9852e-01 8.9000e+01 
3.4641e+02 7.0894e-18 6.2981e-23 2.9716e-02 -1.2380e-02 9.9852e-01 8.9000e+01 
3.5909e+02 6.6075e-18 5.4534e-23 2.7696e-02 -1.2207e-02 9.9853e-01 8.9000e+01 
3.7224e+02 6.1583e-18 4.7220e-23 2.5814e-02 -1.2033e-02 9.9853e-01 8.9000e+01 
3.8587e+02 5.7397e-18 4.0887e-23 2.4059e-02 -1.1860e-02 9.9853e-01 8.9000e+01 
4.0000e+02 5.3496e-18 3.5403e-23 2.2424e-02 -1.1686e-02 9.9853e-01 8.9000e+01 
4.2295e+02 4.7988e-18 2.8318e-23 2.0115e-02 -1.1232e-02 9.9855e-01 8.9000e+01 
4.4721e+02 4.3047e-18 2.2652e-23 1.8044e-02 -1.0777e-02 9.9857e-01 8.9000e+01 
4.7287e+02 3.8615e-18 1.8119e-23 1.6186e-02 -1.0323e-02 9.9860e-01 8.9000e+01 
5.0000e+02 3.4639e-18 1.4493e-23 1.4519e-02 -9.8683e-03 9.9862e-01 8.9000e+01 
5.2148e+02 3.1915e-18 1.2248e-23 1.3377e-02 -9.4897e-03 9.9866e-01 8.9125e+01 
5.4388e+02 2.9405e-18 1.0351e-23 1.2325e-02 -9.1112e-03 9.9870e-01 8.9250e+01 
5.6724e+02 2.7092e-18 8.7474e-24 1.1356e-02 -8.7326e-03 9.9874e-01 8.9375e+01 
5.9161e+02 2.4962e-18 7.3924e-24 1.0463e-02 -8.3541e-03 9.9879e-01 8.9500e+01 
6.1702e+02 2.2999e-18 6.2473e-24 9.6399e-03 -7.9755e-03 9.9883e-01 8.9625e+01 
6.4353e+02 2.1190e-18 5.2796e-24 8.8818e-03 -7.5970e-03 9.9887e-01 8.9750e+01 
6.7117e+02 1.9523e-18 4.4617e-24 8.1833e-03 -7.2185e-03 9.9891e-01 8.9875e+01 
7.0000e+02 1.7988e-18 3.7706e-24 7.5397e-03 -6.8399e-03 9.9895e-01 9.0000e+01 
7.3192e+02 1.6487e-18 3.1546e-24 6.9105e-03 -6.5003e-03 9.9900e-01 9.0000e+01 
7.6529e+02 1.5111e-18 2.6392e-24 6.3338e-03 -6.1607e-03 9.9905e-01 9.0000e+01 
8.0018e+02 1.3850e-18 2.2081e-24 5.8052e-03 -5.8211e-03 9.9910e-01 9.0000e+01 
8.3666e+02 1.2694e-18 1.8473e-24 5.3208e-03 -5.4815e-03 9.9915e-01 9.0000e+01 
8.7481e+02 1.1635e-18 1.5455e-24 4.8768e-03 -5.1418e-03 9.9920e-01 9.0000e+01 
9.1469e+02 1.0664e-18 1.2930e-24 4.4698e-03 -4.8022e-03 9.9925e-01 9.0000e+01 
9.5639e+02 9.7737e-19 1.0818e-24 4.0968e-03 -4.4626e-03 9.9930e-01 9.0000e+01 
1.0000e+03 8.9580e-19 9.0505e-25 3.7549e-03 -4.1230e-03 9.9935e-01 9.0000e+01 
1.0576e+03 8.9580e-19 9.0505e-25 3.3562e-03 -4.1230e-03 9.9935e-01 9.0000e+01 
1.1185e+03 8.9580e-19 9.0505e-25 2.9999e-03 -4.1230e-03 9.9935e-01 9.0000e+01 
1.1829e+03 8.9580e-19 9.0505e-25 2.6814e-03 -4.1230e-03 9.9935e-01 9.0000e+01 
1.2510e+03 8.9580e-19 9.0505e-25 2.3967e-03 -4.1230e-03 9.9935e-01 9.0000e+01 
1.3231e+03 8.9580e-19 9.0505e-25 2.1423e-03 -4.1230e-03 9.9935e-01 9.0000e+01 
1.3993e+03 8.9580e-19 9.0505e-25 1.9148e-03 -4.1230e-03 9.9935e-01 9.0000e+01 
1.4799e+03 8.9580e-19 9.0505e-25 1.7115e-03 -4.1230e-03 9.9935e-01 9.0000e+01 
1.5651e+03 8.9580e-19 9.0505e-25 1.5298e-03 -4.1230e-03 9.9935e-01 9.0000e+01 
1.6552e+03 8.9580e-19 9.0505e-25 1.3674e-03 -4.1230e-03 9.9935e-01 9.0000e+01 
1.7505e+03 8.9580e-19 9.0505e-25 1.2222e-03 -4.1230e-03 9.9935e-01 9.0000e+01 
1.8514e+03 8.9580e-19 9.0505e-25 1.0925e-03 -4.1230e-03 9.9935e-01 9.0000e+01 
1.9580e+03 8.9580e-19 9.0505e-25 9.7648e-04 -4.1230e-03 9.9935e-01 9.0000e+01 
2.0707e+03 8.9580e-19 9.0505e-25 8.7281e-04 -4.1230e-03 9.9935e-01 9.0000e+01 
2.1900e+03 8.9580e-19 9.0505e-25 7.8015e-04 -4.1230e-03 9.9935e-01 9.0000e+01 
2.3161e+03 8.9580e-19 9.0505e-25 6.9732e-04 -4.1230e-03 9.9935e-01 9.0000e+01 
2.4495e+03 8.9580e-19 9.0505e-25 6.2328e-04 -4.1230e-03 9.9935e-01 9.0000e+01 
2.5906e+03 8.9580e-19 9.0505e-25 5.5711e-04 -4.1230e-03 9.9935e-01 9.0000e+01 
2.7397e+03 8.9580e-19 9.0505e-25 4.9796e-04 -4.1230e-03 9.9935e-01 9.0000e+01 
2.8975e+03 8.9580e-19 9.0505e-25 4.4510e-04 -4.1230e-03 9.9935e-01 9.0000e+01 
3.0644e+03 8.9580e-19 9.0505e-25 3.9784e-04 -4.1230e-03 9.9935e-01 9.0000e+01 
3.2409e+03 8.9580e-19 9.0505e-25 3.5560e-04 -4.1230e-03 9.9935e-01 9.0000e+01 
3.4275e+03 8.9580e-19 9.0505e-25 3.1785e-04 -4.1230e-03 9.9935e-01 9.0000e+01 
3.6249e+03 8.9580e-19 9.0505e-25 2.8410e-04 -4.1230e-03 9.9935e-01 9.0000e+01 
3.8337e+03 8.9580e-19 9.0505e-25 2.5394e-04 -4.1230e-03 9.9935e-01 9.0000e+01 
4.0544e+03 8.9580e-19 9.0505e-25 2.2698e-04 -4.1230e-03 9.9935e-01 9.0000e+01 
4.2879e+03 8.9580e-19 9.0505e-25 2.0288e-04 -4.1230e-03 9.9935e-01 9.0000e+01 
4.5349e+03 8.9580e-19 9.0505e-25 1.8134e-04 -4.1230e-03 9.9935e-01 9.0000e+01 
4.7960e+03 8.9580e-19 9.0505e-25 1.6209e-04 -4.1230e-03 9.9935e-01 9.0000e+01 
5.0722e+03 8.9580e-19 9.0505e-25 1.4488e-04 -4.1230e-03 9.9935e-01 9.0000e+01 
5.3643e+03 8.9580e-19 9.0505e-25 1.2950e-04 -4.1230e-03 9.9935e-01 9.0000e+01 
5.6733e+03 8.9580e-19 9.0505e-25 1.1575e-04 -4.1230e-03 9.9935e-01 9.0000e+01 
6.0000e+03 8.9580e-19 9.0505e-25 1.0346e-04 -4.1230e-03 9.9935e-01 9.0000e+01 
6.3455e+03 8.9580e-19 9.0505e-25 9.2476e-05 -4.1230e-03 9.9935e-01 9.0000e+01 
6.7110e+03 8.9580e-19 9.0505e-25 8.2658e-05 -4.1230e-03 9.9935e-01 9.0000e+01 
7.0975e+03 8.9580e-19 9.0505e-25 7.3882e-05 -4.1230e-03 9.9935e-01 9.0000e+01 
7.5062e+03 8.9580e-19 9.0505e-25 6.6038e-05 -4.1230e-03 9.9935e-01 9.0000e+01 
7.9385e+03 8.9580e-19 9.0505e-25 5.9027e-05 -4.1230e-03 9.9935e-01 9.0000e+01 
8.3957e+03 8.9580e-19 9.0505e-25 5.2760e-05 -4.1230e-03 9.9935e-01 9.0000e+01 
8.8792e+03 8.9580e-19 9.0505e-25 4.7159e-05 -4.1230e-03 9.9935e-01 9.0000e+01 
9.3905e+03 8.9580e-19 9.0505e-25 4.2152e-05 -4.1230e-03 9.9935e-01 9.0000e+01 
9.9313e+03 8.9580e-19 9.0505e-25 3.7677e-05 -4.1230e-03 9.9935e-01 9.0000e+01 
1.0503e+04 8.9580e-19 9.0505e-25 3.3677e-05 -4.1230e-03 9.9935e-01 9.0000e+01 
1.1108e+04 8.9580e-19 9.0505e-25 3.0101e-05 -4.1230e-03 9.9935e-01 9.0000e+01 
1.1748e+04 8.9580e-19 9.0505e-25 2.6906e-05 -4.1230e-03 9.9935e-01 9.0000e+01 
1.2424e+04 8.9580e-19 9.0505e-25 2.4049e-05 -4.1230e-03 9.9935e-01 9.0000e+01 
1.3140e+04 8.9580e-19 9.0505e-25 2.1496e-05 -4.1230e-03 9.9935e-01 9.0000e+01 
1.3897e+04 8.9580e-19 9.0505e-25 1.9214e-05 -4.1230e-03 9.9935e-01 9.0000e+01 
1.4697e+04 8.9580e-19 9.0505e-25 1.7174e-05 -4.1230e-03 9.9935e-01 9.0000e+01 
1.5543e+04 8.9580e-19 9.0505e-25 1.5350e-05 -4.1230e-03 9.9935e-01 9.0000e+01 
1.6438e+04 8.9580e-19 9.0505e-25 1.3721e-05 -4.1230e-03 9.9935e-01 9.0000e+01 
1.7385e+04 8.9580e-19 9.0505e-25 1.2264e-05 -4.1230e-03 9.9935e-01 9.0000e+01 
1.8386e+04 8.9580e-19 9.0505e-25 1.0962e-05 -4.1230e-03 9.9935e-01 9.0000e+01 
1.9445e+04 8.9580e-19 9.0505e-25 9.7981e-06 -4.1230e-03 9.9935e-01 9.0000e+01 
2.0565e+04 8.9580e-19 9.0505e-25 8.7578e-06 -4.1230e-03 9.9935e-01 9.0000e+01 
2.1749e+04 8.9580e-19 9.0505e-25 7.8280e-06 -4.1230e-03 9.9935e-01 9.0000e+01 
2.3002e+04 8.9580e-19 9.0505e-25 6.9969e-06 -4.1230e-03 9.9935e-01 9.0000e+01 
2.4327e+04 8.9580e-19 9.0505e-25 6.2541e-06 -4.1230e-03 9.9935e-01 9.0000e+01 
2.5728e+04 8.9580e-19 9.0505e-25 5.5901e-06 -4.1230e-03 9.9935e-01 9.0000e+01 
2.7209e+04 8.9580e-19 9.0505e-25 4.9966e-06 -4.1230e-03 9.9935e-01 9.0000e+01 
2.8776e+04 8.9580e-19 9.0505e-25 4.4661e-06 -4.1230e-03 9.9935e-01 9.0000e+01 
3.0433e+04 8.9580e-19 9.0505e-25 3.9919e-06 -4.1230e-03 9.9935e-01 9.0000e+01 
3.2186e+04 8.9580e-19 9.0505e-25 3.5681e-06 -4.1230e-03 9.9935e-01 9.0000e+01 
3.4040e+04 8.9580e-19 9.0505e-25 3.1893e-06 -4.1230e-03 9.9935e-01 9.0000e+01 
3.6000e+04 8.9580e-19 9.0505e-25 2.8507e-06 -4.1230e-03 9.9935e-01 9.0000e+01 
