  5.0000e-02  1.0389e-13  5.4977e-14  5.4008e+02  8.7784e-01  7.8496e-01  9.4000e+01
  6.0000e-02  1.1386e-13  6.1336e-14  5.9190e+02  8.2805e-01  7.4561e-01  7.3000e+01
  8.0000e-02  1.3485e-13  6.6231e-14  7.0104e+02  7.8195e-01  7.4433e-01  6.4000e+01
  1.0000e-01  1.4162e-13  6.7934e-14  7.3623e+02  7.3617e-01  5.7839e-01  6.7000e+01
  1.2000e-01  1.4379e-13  6.8247e-14  7.4753e+02  7.1083e-01  4.1854e-01  7.9000e+01
  1.5000e-01  1.3468e-13  6.4370e-14  7.0017e+02  6.7291e-01  3.5866e-01  9.0000e+01
  2.0000e-01  1.1452e-13  6.8606e-14  5.9532e+02  5.8915e-01  3.0543e-01  7.7000e+01
  2.5000e-01  1.1678e-13  7.3668e-14  6.0709e+02  5.1221e-01  3.0750e-01  7.4000e+01
  3.0000e-01  1.0284e-13  6.2630e-14  5.3463e+02  5.1314e-01  2.9012e-01  8.4000e+01
  3.6000e-01  9.3271e-14  5.5773e-14  4.8488e+02  5.1182e-01  3.0989e-01  8.6000e+01
  4.4000e-01  8.2730e-14  4.9083e-14  4.3008e+02  4.9082e-01  3.4535e-01  9.3000e+01
  5.5000e-01  6.8146e-14  4.0578e-14  3.5426e+02  4.6389e-01  3.9224e-01  9.4000e+01
  7.0000e-01  5.1718e-14  3.0361e-14  2.6886e+02  4.2571e-01  4.5810e-01  9.5000e+01
  8.5000e-01  3.9792e-14  2.2790e-14  2.0686e+02  3.9347e-01  5.0509e-01  9.5000e+01
  1.0000e+00  3.1260e-14  1.7418e-14  1.6251e+02  3.6767e-01  5.3172e-01  9.5000e+01
  1.1500e+00  2.5100e-14  1.3615e-14  1.3048e+02  3.4768e-01  5.4185e-01  9.5000e+01
  1.3000e+00  2.0597e-14  1.0887e-14  1.0708e+02  3.3122e-01  5.4250e-01  9.4000e+01
  1.7000e+00  1.3269e-14  6.5926e-15  6.8979e+01  2.9591e-01  5.2663e-01  9.3000e+01
  2.0000e+00  1.0152e-14  4.8327e-15  5.2777e+01  2.7284e-01  5.1778e-01  9.2000e+01
  2.2000e+00  8.6375e-15  3.9986e-15  4.4903e+01  2.5509e-01  5.1992e-01  9.2000e+01
  2.7000e+00  6.0507e-15  2.5827e-15  3.1455e+01  2.1333e-01  5.4998e-01  9.0000e+01
  3.0000e+00  7.4060e-15  1.9848e-15  3.8501e+01  2.0163e-01  6.3066e-01  9.0000e+01
  3.1000e+00  6.7365e-15  2.0322e-15  3.5020e+01  1.9035e-01  6.3994e-01  8.9000e+01
  3.2000e+00  5.5696e-15  1.9633e-15  2.8954e+01  1.8414e-01  6.2418e-01  9.0000e+01
  3.3000e+00  4.8339e-15  1.8326e-15  2.5130e+01  1.7296e-01  6.2491e-01  9.0000e+01
  3.4000e+00  4.4025e-15  1.7022e-15  2.2887e+01  1.6285e-01  6.3224e-01  8.9000e+01
  3.5000e+00  4.1061e-15  1.5837e-15  2.1346e+01  1.5387e-01  6.4197e-01  8.9000e+01
  3.6000e+00  3.8746e-15  1.4762e-15  2.0143e+01  1.4489e-01  6.5201e-01  8.9000e+01
  3.7000e+00  3.6762e-15  1.3779e-15  1.9111e+01  1.3586e-01  6.6143e-01  8.9000e+01
  3.8000e+00  3.4983e-15  1.2890e-15  1.8187e+01  1.2779e-01  6.7037e-01  8.8000e+01
  3.9000e+00  3.3393e-15  1.2082e-15  1.7360e+01  1.2057e-01  6.7949e-01  8.8000e+01
  4.0000e+00  3.1943e-15  1.1345e-15  1.6605e+01  1.1366e-01  6.8890e-01  8.8000e+01
  4.1000e+00  3.0583e-15  1.0658e-15  1.5899e+01  1.0654e-01  6.9820e-01  8.8000e+01
  4.2000e+00  2.9330e-15  1.0019e-15  1.5247e+01  9.9326e-02  7.0687e-01  8.8000e+01
  4.3000e+00  2.8195e-15  9.4237e-16  1.4657e+01  9.2502e-02  7.1491e-01  8.8000e+01
  4.4000e+00  2.7208e-15  8.8772e-16  1.4145e+01  8.6420e-02  7.2280e-01  8.8000e+01
  4.5000e+00  2.6280e-15  8.3784e-16  1.3662e+01  8.0704e-02  7.3101e-01  8.7000e+01
  5.0000e+00  2.1337e-15  6.3091e-16  1.1092e+01  5.1944e-02  7.6693e-01  8.7000e+01
  5.5000e+00  1.8138e-15  4.7696e-16  9.4290e+00  2.7270e-02  7.9754e-01  8.6000e+01
  6.0000e+00  1.6546e-15  3.6559e-16  8.6015e+00  7.4734e-03  8.2275e-01  8.5000e+01
  6.5000e+00  1.4364e-15  2.8620e-16  7.4669e+00 -9.9832e-03  8.4375e-01  8.5000e+01
  7.0000e+00  1.2722e-15  2.2385e-16  6.6135e+00 -2.5316e-02  8.6068e-01  8.4000e+01
  7.5000e+00  1.1992e-15  1.7588e-16  6.2342e+00 -3.8969e-02  8.7447e-01  8.4000e+01
  8.0000e+00  1.5289e-15  1.3992e-16  7.9483e+00 -5.0510e-02  8.8657e-01  8.4000e+01
  8.5000e+00  2.2307e-15  1.1382e-16  1.1596e+01 -5.9467e-02  8.9784e-01  8.3000e+01
  9.0000e+00  3.0176e-15  9.5002e-17  1.5686e+01 -6.4796e-02  9.0807e-01  8.3000e+01
  9.4000e+00  3.5885e-15  8.4572e-17  1.8654e+01 -6.5939e-02  9.1624e-01  8.4000e+01
  9.5500e+00  3.5948e-15  8.0670e-17  1.8688e+01 -6.6500e-02  9.1867e-01  8.4000e+01
  9.7000e+00  3.5088e-15  7.6527e-17  1.8241e+01 -6.7478e-02  9.2063e-01  8.4000e+01
  9.8500e+00  3.3983e-15  7.2360e-17  1.7666e+01 -6.8619e-02  9.2225e-01  8.4000e+01
  1.0000e+01  3.2951e-15  6.8298e-17  1.7130e+01 -6.9747e-02  9.2360e-01  8.4000e+01
  1.0500e+01  2.9714e-15  5.6190e-17  1.5447e+01 -7.1968e-02  9.2682e-01  8.4000e+01
  1.1000e+01  2.6930e-15  4.7101e-17  1.4000e+01 -7.0782e-02  9.2941e-01  8.4000e+01
  1.1100e+01  2.6501e-15  4.5920e-17  1.3777e+01 -7.0412e-02  9.3051e-01  8.4000e+01
  1.1200e+01  2.5960e-15  4.4772e-17  1.3495e+01 -7.0359e-02  9.3167e-01  8.4000e+01
  1.1300e+01  2.5345e-15  4.3659e-17  1.3175e+01 -7.0409e-02  9.3281e-01  8.4000e+01
  1.1400e+01  2.4793e-15  4.2225e-17  1.2889e+01 -7.1973e-02  9.3396e-01  8.4000e+01
  1.1500e+01  2.4207e-15  4.1038e-17  1.2583e+01 -7.2624e-02  9.3497e-01  8.4000e+01
  1.1600e+01  2.3387e-15  4.0738e-17  1.2158e+01 -6.9370e-02  9.3573e-01  8.4000e+01
  1.1700e+01  2.2708e-15  3.9694e-17  1.1805e+01 -6.9509e-02  9.3665e-01  8.4000e+01
  1.1800e+01  2.2047e-15  3.8480e-17  1.1461e+01 -7.0554e-02  9.3763e-01  8.4000e+01
  1.1900e+01  2.1338e-15  3.7374e-17  1.1093e+01 -7.1168e-02  9.3850e-01  8.4000e+01
  1.2000e+01  2.0599e-15  3.6276e-17  1.0708e+01 -7.1844e-02  9.3930e-01  8.4000e+01
  1.2100e+01  1.9878e-15  3.5200e-17  1.0334e+01 -7.2476e-02  9.4005e-01  8.4000e+01
  1.2200e+01  1.9200e-15  3.4151e-17  9.9813e+00 -7.3080e-02  9.4076e-01  8.4000e+01
  1.2300e+01  1.8568e-15  3.3131e-17  9.6527e+00 -7.3680e-02  9.4146e-01  8.4000e+01
  1.2400e+01  1.7971e-15  3.2138e-17  9.3422e+00 -7.4271e-02  9.4213e-01  8.4000e+01
  1.2500e+01  1.7367e-15  3.1162e-17  9.0285e+00 -7.4943e-02  9.4277e-01  8.4000e+01
  1.2600e+01  1.6761e-15  3.0204e-17  8.7135e+00 -7.5675e-02  9.4337e-01  8.4000e+01
  1.2700e+01  1.6185e-15  2.9267e-17  8.4141e+00 -7.6381e-02  9.4393e-01  8.4000e+01
  1.2800e+01  1.5615e-15  2.8348e-17  8.1176e+00 -7.7146e-02  9.4445e-01  8.4000e+01
  1.2900e+01  1.5065e-15  2.7455e-17  7.8315e+00 -7.7927e-02  9.4494e-01  8.4000e+01
  1.3000e+01  1.4565e-15  2.6596e-17  7.5719e+00 -7.8641e-02  9.4542e-01  8.4000e+01
  1.3100e+01  1.4098e-15  2.5759e-17  7.3289e+00 -7.9372e-02  9.4587e-01  8.4000e+01
  1.3200e+01  1.3652e-15  2.4945e-17  7.0970e+00 -8.0102e-02  9.4630e-01  8.4000e+01
  1.3300e+01  1.3225e-15  2.4158e-17  6.8751e+00 -8.0797e-02  9.4671e-01  8.4000e+01
  1.3400e+01  1.2810e-15  2.3390e-17  6.6596e+00 -8.1547e-02  9.4710e-01  8.4000e+01
  1.3500e+01  1.2421e-15  2.2644e-17  6.4570e+00 -8.2316e-02  9.4747e-01  8.4000e+01
  1.4000e+01  1.0986e-15  1.9267e-17  5.7111e+00 -8.6047e-02  9.4913e-01  8.4000e+01
  1.4500e+01  1.0549e-15  1.6462e-17  5.4842e+00 -8.9368e-02  9.5059e-01  8.3000e+01
  1.5000e+01  1.0723e-15  1.4186e-17  5.5745e+00 -9.1738e-02  9.5202e-01  8.3000e+01
  1.6000e+01  1.1743e-15  1.0796e-17  6.1048e+00 -9.4032e-02  9.5459e-01  8.3000e+01
  1.7000e+01  1.2964e-15  8.5040e-18  6.7396e+00 -9.3882e-02  9.5723e-01  8.4000e+01
  1.8000e+01  1.3590e-15  6.8510e-18  7.0649e+00 -9.2531e-02  9.5980e-01  8.4000e+01
  1.9000e+01  1.3385e-15  5.5954e-18  6.9583e+00 -9.0625e-02  9.6201e-01  8.4000e+01
  2.0000e+01  1.2382e-15  4.6063e-18  6.4371e+00 -8.9533e-02  9.6410e-01  8.4000e+01
  2.2000e+01  1.0438e-15  3.1324e-18  5.4261e+00 -8.9934e-02  9.6634e-01  8.4000e+01
  2.3000e+01  9.6869e-16  2.6127e-18  5.0358e+00 -8.9838e-02  9.6710e-01  8.4000e+01
  2.4000e+01  9.1188e-16  2.1992e-18  4.7404e+00 -8.9480e-02  9.6787e-01  8.4000e+01
  2.5000e+01  8.6271e-16  1.8672e-18  4.4849e+00 -8.9407e-02  9.6870e-01  8.4000e+01
  2.6000e+01  8.1915e-16  1.5949e-18  4.2585e+00 -8.9683e-02  9.6899e-01  8.4000e+01
  2.7000e+01  7.8175e-16  1.3723e-18  4.0640e+00 -8.9679e-02  9.6910e-01  8.4000e+01
  2.8000e+01  7.4951e-16  1.1887e-18  3.8963e+00 -8.9550e-02  9.6911e-01  8.4000e+01
  3.0000e+01  6.9587e-16  9.0742e-19  3.6175e+00 -8.8729e-02  9.6899e-01  8.5000e+01
  3.5000e+01  6.1176e-16  4.9806e-19  3.1803e+00 -8.5167e-02  9.6757e-01  8.5000e+01
  4.0000e+01  5.8242e-16  3.1024e-19  3.0278e+00 -7.8132e-02  9.6671e-01  8.5000e+01
  4.5000e+01  5.2048e-16  2.1282e-19  2.7057e+00 -7.1908e-02  9.6699e-01  8.6000e+01
  5.0000e+01  3.8973e-16  1.4411e-19  2.0260e+00 -6.9006e-02  9.6441e-01  8.6000e+01
  5.5000e+01  3.1085e-16  9.9561e-20  1.6160e+00 -6.2606e-02  9.6128e-01  8.6000e+01
  6.0000e+01  2.7426e-16  6.9618e-20  1.4258e+00 -5.3881e-02  9.5775e-01  8.7000e+01
  6.5000e+01  2.3566e-16  5.1923e-20  1.2251e+00 -4.3741e-02  9.5661e-01  8.7000e+01
  7.0000e+01  1.9424e-16  3.8831e-20  1.0098e+00 -3.3829e-02  9.5593e-01  8.8000e+01
  7.5000e+01  1.6403e-16  2.9470e-20  8.5270e-01 -2.3423e-02  9.5579e-01  8.9000e+01
  8.0000e+01  1.3975e-16  2.2727e-20  7.2652e-01 -1.2833e-02  9.5679e-01  8.9000e+01
  8.5000e+01  1.2110e-16  1.7763e-20  6.2955e-01 -2.5031e-03  9.5953e-01  9.0000e+01
  9.0000e+01  1.0660e-16  1.4078e-20  5.5420e-01  6.0362e-03  9.6439e-01  9.0000e+01
  9.5000e+01  9.4655e-17  1.1299e-20  4.9207e-01  1.2224e-02  9.6986e-01  9.1000e+01
  1.0000e+02  8.4677e-17  9.1704e-21  4.4020e-01  1.6836e-02  9.7544e-01  9.1000e+01
  1.0500e+02  7.6319e-17  7.5192e-21  3.9675e-01  1.9412e-02  9.8154e-01  9.1000e+01
  1.1000e+02  6.9257e-17  6.2212e-21  3.6004e-01  1.9299e-02  9.8744e-01  9.1000e+01
  1.2000e+02  5.8292e-17  4.3705e-21  3.0304e-01  1.3563e-02  9.9521e-01  9.1000e+01
  1.3000e+02  5.0167e-17  3.1703e-21  2.6080e-01  6.5179e-03  9.9802e-01  9.0000e+01
  1.4000e+02  4.3716e-17  2.3627e-21  2.2726e-01  1.0726e-03  9.9893e-01  9.0000e+01
  1.5000e+02  3.7961e-17  1.7984e-21  1.9735e-01 -2.7936e-03  9.9912e-01  9.0000e+01
  2.0000e+02  1.9826e-17  5.6982e-22  1.0307e-01 -1.1036e-02  9.9879e-01  8.9000e+01
  2.5000e+02  1.2319e-17  2.3275e-22  6.4042e-02 -1.2955e-02  9.9861e-01  8.9000e+01
  3.0000e+02  8.5234e-18  1.1204e-22  4.4310e-02 -1.3074e-02  9.9852e-01  8.9000e+01
  4.0000e+02  4.8601e-18  3.5403e-23  2.5266e-02 -1.1686e-02  9.9853e-01  8.9000e+01
  5.0000e+02  3.1501e-18  1.4493e-23  1.6376e-02 -9.8684e-03  9.9862e-01  8.9000e+01
  7.0000e+02  1.6380e-18  3.7706e-24  8.5152e-03 -6.8399e-03  9.9895e-01  9.0000e+01
  1.0000e+03  8.1650e-19  9.0505e-25  4.2447e-03 -4.1231e-03  9.9935e-01  9.0000e+01
  3.6000e+04  8.9580e-19  9.0505e-25  3.5355e-06 -4.1230e-03  9.9935e-01  9.0000e+01
