  1.1000e-02  1.6907e-13  6.3083e-14  7.0866e+02  7.2517e-01  8.7469e-01  8.4000e+01
  2.1000e-02  1.6907e-13  6.3083e-14  7.0866e+02  7.2517e-01  8.7469e-01  8.4000e+01
  3.1000e-02  1.6907e-13  6.3083e-14  7.0866e+02  7.2517e-01  8.7469e-01  8.4000e+01
  4.1000e-02  1.6907e-13  6.3083e-14  7.0866e+02  7.2517e-01  8.7469e-01  8.4000e+01
  5.0000e-02  1.5102e-13  6.5919e-14  6.3300e+02  8.0635e-01  8.6639e-01  8.7000e+01
  6.0000e-02  1.8555e-13  7.5863e-14  7.7776e+02  7.3874e-01  8.5253e-01  8.1000e+01
  8.0000e-02  2.4636e-13  8.7520e-14  1.0327e+03  6.4822e-01  7.8110e-01  7.6000e+01
  1.0000e-01  2.1556e-13  8.4653e-14  9.0356e+02  6.2744e-01  6.5395e-01  8.0000e+01
  1.2000e-01  1.7362e-13  7.6061e-14  7.2774e+02  6.6006e-01  5.2401e-01  9.0000e+01
  1.5000e-01  1.5090e-13  6.7031e-14  6.3253e+02  6.5272e-01  4.1596e-01  9.5000e+01
  2.0000e-01  1.5160e-13  7.0065e-14  6.3547e+02  5.7776e-01  3.2464e-01  7.9000e+01
  2.5000e-01  1.3834e-13  7.4827e-14  5.7987e+02  5.0441e-01  3.1878e-01  7.5000e+01
  3.0000e-01  1.1364e-13  6.2987e-14  4.7635e+02  5.1034e-01  2.9591e-01  8.4000e+01
  3.6000e-01  1.0030e-13  5.5920e-14  4.2041e+02  5.1052e-01  3.1259e-01  8.6000e+01
  4.4000e-01  8.7470e-14  4.9146e-14  3.6664e+02  4.9021e-01  3.4670e-01  9.3000e+01
  5.5000e-01  7.1352e-14  4.0603e-14  2.9908e+02  4.6361e-01  3.9281e-01  9.4000e+01
  7.0000e-01  5.3944e-14  3.0370e-14  2.2611e+02  4.2558e-01  4.5834e-01  9.5000e+01
  8.5000e-01  4.1438e-14  2.2794e-14  1.7369e+02  3.9340e-01  5.0522e-01  9.5000e+01
  1.0000e+00  3.2526e-14  1.7420e-14  1.3633e+02  3.6762e-01  5.3181e-01  9.5000e+01
  1.1500e+00  2.6110e-14  1.3616e-14  1.0944e+02  3.4765e-01  5.4191e-01  9.5000e+01
  1.3000e+00  2.1431e-14  1.0888e-14  8.9829e+01  3.3119e-01  5.4254e-01  9.4000e+01
  1.7000e+00  1.3820e-14  6.5929e-15  5.7928e+01  2.9589e-01  5.2666e-01  9.3000e+01
  2.0000e+00  1.0583e-14  4.8329e-15  4.4358e+01  2.7283e-01  5.1780e-01  9.2000e+01
  2.2000e+00  9.0087e-15  3.9987e-15  3.7761e+01  2.5508e-01  5.1993e-01  9.2000e+01
  2.7000e+00  6.3214e-15  2.5828e-15  2.6497e+01  2.1333e-01  5.4999e-01  9.0000e+01
  3.0000e+00  7.9091e-15  1.9849e-15  3.3152e+01  2.0163e-01  6.3067e-01  9.0000e+01
  3.1000e+00  7.1321e-15  2.0322e-15  2.9895e+01  1.9035e-01  6.3995e-01  8.9000e+01
  3.2000e+00  5.8565e-15  1.9633e-15  2.4548e+01  1.8414e-01  6.2419e-01  9.0000e+01
  3.3000e+00  5.0689e-15  1.8327e-15  2.1247e+01  1.7296e-01  6.2491e-01  9.0000e+01
  3.4000e+00  4.6111e-15  1.7023e-15  1.9328e+01  1.6285e-01  6.3224e-01  8.9000e+01
  3.5000e+00  4.2991e-15  1.5837e-15  1.8020e+01  1.5387e-01  6.4197e-01  8.9000e+01
  3.6000e+00  4.0570e-15  1.4762e-15  1.7005e+01  1.4488e-01  6.5202e-01  8.9000e+01
  3.7000e+00  3.8502e-15  1.3779e-15  1.6139e+01  1.3585e-01  6.6143e-01  8.9000e+01
  3.8000e+00  3.6651e-15  1.2890e-15  1.5363e+01  1.2779e-01  6.7037e-01  8.8000e+01
  3.9000e+00  3.4998e-15  1.2082e-15  1.4670e+01  1.2057e-01  6.7949e-01  8.8000e+01
  4.0000e+00  3.3492e-15  1.1345e-15  1.4038e+01  1.1366e-01  6.8891e-01  8.8000e+01
  4.1000e+00  3.2079e-15  1.0658e-15  1.3446e+01  1.0654e-01  6.9821e-01  8.8000e+01
  4.2000e+00  3.0779e-15  1.0019e-15  1.2901e+01  9.9326e-02  7.0687e-01  8.8000e+01
  4.3000e+00  2.9604e-15  9.4238e-16  1.2409e+01  9.2502e-02  7.1492e-01  8.8000e+01
  4.4000e+00  2.8587e-15  8.8772e-16  1.1983e+01  8.6419e-02  7.2281e-01  8.8000e+01
  4.5000e+00  2.7629e-15  8.3784e-16  1.1581e+01  8.0704e-02  7.3101e-01  8.7000e+01
  5.0000e+00  2.2450e-15  6.3091e-16  9.4104e+00  5.1944e-02  7.6693e-01  8.7000e+01
  5.5000e+00  1.9124e-15  4.7696e-16  8.0161e+00  2.7270e-02  7.9754e-01  8.6000e+01
  6.0000e+00  1.7518e-15  3.6560e-16  7.3427e+00  7.4734e-03  8.2275e-01  8.5000e+01
  6.5000e+00  1.5214e-15  2.8620e-16  6.3772e+00 -9.9832e-03  8.4375e-01  8.5000e+01
  7.0000e+00  1.3492e-15  2.2385e-16  5.6552e+00 -2.5316e-02  8.6068e-01  8.4000e+01
  7.5000e+00  1.2707e-15  1.7588e-16  5.3265e+00 -3.8969e-02  8.7447e-01  8.4000e+01
  8.0000e+00  1.6061e-15  1.3992e-16  6.7323e+00 -5.0510e-02  8.8657e-01  8.4000e+01
  8.5000e+00  2.3242e-15  1.1382e-16  9.7421e+00 -5.9467e-02  8.9784e-01  8.3000e+01
  9.0000e+00  3.1312e-15  9.5002e-17  1.3125e+01 -6.4796e-02  9.0807e-01  8.3000e+01
  9.4000e+00  3.7164e-15  8.4573e-17  1.5578e+01 -6.5939e-02  9.1624e-01  8.4000e+01
  9.5500e+00  3.7224e-15  8.0670e-17  1.5603e+01 -6.6500e-02  9.1867e-01  8.4000e+01
  9.7000e+00  3.6337e-15  7.6527e-17  1.5231e+01 -6.7477e-02  9.2063e-01  8.4000e+01
  9.8500e+00  3.5199e-15  7.2361e-17  1.4754e+01 -6.8619e-02  9.2225e-01  8.4000e+01
  1.0000e+01  3.4141e-15  6.8299e-17  1.4310e+01 -6.9747e-02  9.2360e-01  8.4000e+01
  1.0500e+01  3.0882e-15  5.6190e-17  1.2945e+01 -7.1968e-02  9.2682e-01  8.4000e+01
  1.1000e+01  2.8212e-15  4.7101e-17  1.1825e+01 -7.0781e-02  9.2941e-01  8.4000e+01
  1.1100e+01  2.7794e-15  4.5920e-17  1.1650e+01 -7.0412e-02  9.3051e-01  8.4000e+01
  1.1200e+01  2.7251e-15  4.4772e-17  1.1422e+01 -7.0359e-02  9.3167e-01  8.4000e+01
  1.1300e+01  2.6623e-15  4.3659e-17  1.1159e+01 -7.0408e-02  9.3281e-01  8.4000e+01
  1.1400e+01  2.6069e-15  4.2225e-17  1.0927e+01 -7.1972e-02  9.3396e-01  8.4000e+01
  1.1500e+01  2.5472e-15  4.1038e-17  1.0677e+01 -7.2624e-02  9.3497e-01  8.4000e+01
  1.1600e+01  2.4599e-15  4.0738e-17  1.0311e+01 -6.9370e-02  9.3573e-01  8.4000e+01
  1.1700e+01  2.3888e-15  3.9694e-17  1.0013e+01 -6.9509e-02  9.3665e-01  8.4000e+01
  1.1800e+01  2.3202e-15  3.8481e-17  9.7252e+00 -7.0553e-02  9.3763e-01  8.4000e+01
  1.1900e+01  2.2463e-15  3.7375e-17  9.4158e+00 -7.1168e-02  9.3850e-01  8.4000e+01
  1.2000e+01  2.1693e-15  3.6276e-17  9.0930e+00 -7.1844e-02  9.3930e-01  8.4000e+01
  1.2100e+01  2.0941e-15  3.5200e-17  8.7776e+00 -7.2475e-02  9.4005e-01  8.4000e+01
  1.2200e+01  2.0232e-15  3.4151e-17  8.4806e+00 -7.3080e-02  9.4076e-01  8.4000e+01
  1.2300e+01  1.9571e-15  3.3131e-17  8.2034e+00 -7.3679e-02  9.4146e-01  8.4000e+01
  1.2400e+01  1.8945e-15  3.2138e-17  7.9410e+00 -7.4271e-02  9.4213e-01  8.4000e+01
  1.2500e+01  1.8313e-15  3.1162e-17  7.6762e+00 -7.4942e-02  9.4277e-01  8.4000e+01
  1.2600e+01  1.7679e-15  3.0204e-17  7.4103e+00 -7.5675e-02  9.4337e-01  8.4000e+01
  1.2700e+01  1.7076e-15  2.9267e-17  7.1574e+00 -7.6381e-02  9.4393e-01  8.4000e+01
  1.2800e+01  1.6478e-15  2.8349e-17  6.9071e+00 -7.7145e-02  9.4445e-01  8.4000e+01
  1.2900e+01  1.5902e-15  2.7455e-17  6.6656e+00 -7.7927e-02  9.4494e-01  8.4000e+01
  1.3000e+01  1.5379e-15  2.6596e-17  6.4463e+00 -7.8641e-02  9.4542e-01  8.4000e+01
  1.3100e+01  1.4889e-15  2.5759e-17  6.2409e+00 -7.9371e-02  9.4587e-01  8.4000e+01
  1.3200e+01  1.4421e-15  2.4946e-17  6.0446e+00 -8.0102e-02  9.4630e-01  8.4000e+01
  1.3300e+01  1.3973e-15  2.4158e-17  5.8568e+00 -8.0796e-02  9.4671e-01  8.4000e+01
  1.3400e+01  1.3538e-15  2.3390e-17  5.6746e+00 -8.1546e-02  9.4710e-01  8.4000e+01
  1.3500e+01  1.3130e-15  2.2644e-17  5.5034e+00 -8.2316e-02  9.4747e-01  8.4000e+01
  1.4000e+01  1.1620e-15  1.9267e-17  4.8705e+00 -8.6047e-02  9.4913e-01  8.4000e+01
  1.4500e+01  1.1141e-15  1.6462e-17  4.6697e+00 -8.9368e-02  9.5059e-01  8.3000e+01
  1.5000e+01  1.1299e-15  1.4186e-17  4.7362e+00 -9.1738e-02  9.5202e-01  8.3000e+01
  1.6000e+01  1.2332e-15  1.0796e-17  5.1689e+00 -9.4032e-02  9.5459e-01  8.3000e+01
  1.7000e+01  1.3583e-15  8.5040e-18  5.6933e+00 -9.3882e-02  9.5723e-01  8.4000e+01
  1.8000e+01  1.4219e-15  6.8510e-18  5.9602e+00 -9.2530e-02  9.5980e-01  8.4000e+01
  1.9000e+01  1.4014e-15  5.5954e-18  5.8741e+00 -9.0624e-02  9.6201e-01  8.4000e+01
  2.0000e+01  1.2991e-15  4.6063e-18  5.4451e+00 -8.9533e-02  9.6410e-01  8.4000e+01
  2.2000e+01  1.1001e-15  3.1325e-18  4.6113e+00 -8.9934e-02  9.6634e-01  8.4000e+01
  2.3000e+01  1.0240e-15  2.6127e-18  4.2921e+00 -8.9837e-02  9.6710e-01  8.4000e+01
  2.4000e+01  9.6674e-16  2.1992e-18  4.0522e+00 -8.9479e-02  9.6787e-01  8.4000e+01
  2.5000e+01  9.1733e-16  1.8672e-18  3.8451e+00 -8.9406e-02  9.6870e-01  8.4000e+01
  2.6000e+01  8.7361e-16  1.5949e-18  3.6618e+00 -8.9683e-02  9.6900e-01  8.4000e+01
  2.7000e+01  8.3613e-16  1.3723e-18  3.5047e+00 -8.9678e-02  9.6910e-01  8.4000e+01
  2.8000e+01  8.0389e-16  1.1888e-18  3.3696e+00 -8.9550e-02  9.6911e-01  8.4000e+01
  3.0000e+01  7.5011e-16  9.0742e-19  3.1442e+00 -8.8729e-02  9.6899e-01  8.5000e+01
  3.5000e+01  6.6588e-16  4.9806e-19  2.7911e+00 -8.5167e-02  9.6757e-01  8.5000e+01
  4.0000e+01  6.3747e-16  3.1024e-19  2.6720e+00 -7.8131e-02  9.6671e-01  8.5000e+01
  4.5000e+01  5.7093e-16  2.1282e-19  2.3931e+00 -7.1907e-02  9.6699e-01  8.6000e+01
  5.0000e+01  4.2732e-16  1.4411e-19  1.7912e+00 -6.9006e-02  9.6441e-01  8.6000e+01
  5.5000e+01  3.4087e-16  9.9562e-20  1.4288e+00 -6.2605e-02  9.6128e-01  8.6000e+01
  6.0000e+01  3.0100e-16  6.9619e-20  1.2617e+00 -5.3880e-02  9.5775e-01  8.7000e+01
  6.5000e+01  2.5868e-16  5.1923e-20  1.0843e+00 -4.3741e-02  9.5661e-01  8.7000e+01
  7.0000e+01  2.1324e-16  3.8831e-20  8.9381e-01 -3.3829e-02  9.5593e-01  8.8000e+01
  7.5000e+01  1.8014e-16  2.9470e-20  7.5506e-01 -2.3423e-02  9.5579e-01  8.9000e+01
  8.0000e+01  1.5356e-16  2.2727e-20  6.4365e-01 -1.2832e-02  9.5679e-01  8.9000e+01
  8.5000e+01  1.3315e-16  1.7763e-20  5.5812e-01 -2.5031e-03  9.5953e-01  9.0000e+01
  9.0000e+01  1.1730e-16  1.4078e-20  4.9169e-01  6.0361e-03  9.6439e-01  9.0000e+01
  9.5000e+01  1.0423e-16  1.1299e-20  4.3688e-01  1.2224e-02  9.6986e-01  9.1000e+01
  1.0000e+02  9.3306e-17  9.1704e-21  3.9110e-01  1.6836e-02  9.7544e-01  9.1000e+01
  1.0500e+02  8.4157e-17  7.5193e-21  3.5275e-01  1.9412e-02  9.8154e-01  9.1000e+01
  1.1000e+02  7.6424e-17  6.2212e-21  3.2034e-01  1.9299e-02  9.8744e-01  9.1000e+01
  1.2000e+02  6.4402e-17  4.3705e-21  2.6995e-01  1.3563e-02  9.9521e-01  9.1000e+01
  1.3000e+02  5.5494e-17  3.1703e-21  2.3261e-01  6.5179e-03  9.9802e-01  9.0000e+01
  1.4000e+02  4.8405e-17  2.3627e-21  2.0289e-01  1.0726e-03  9.9893e-01  9.0000e+01
  1.5000e+02  4.2032e-17  1.7984e-21  1.7618e-01 -2.7936e-03  9.9912e-01  9.0000e+01
  2.0000e+02  2.1899e-17  5.6982e-22  9.1793e-02 -1.1036e-02  9.9879e-01  8.9000e+01
  2.5000e+02  1.3591e-17  2.3275e-22  5.6969e-02 -1.2955e-02  9.9861e-01  8.9000e+01
  3.0000e+02  9.3949e-18  1.1204e-22  3.9380e-02 -1.3074e-02  9.9852e-01  8.9000e+01
  4.0000e+02  5.3496e-18  3.5403e-23  2.2424e-02 -1.1686e-02  9.9853e-01  8.9000e+01
  5.0000e+02  3.4639e-18  1.4493e-23  1.4519e-02 -9.8683e-03  9.9862e-01  8.9000e+01
  7.0000e+02  1.7988e-18  3.7706e-24  7.5397e-03 -6.8399e-03  9.9895e-01  9.0000e+01
  1.0000e+03  8.9580e-19  9.0505e-25  3.7549e-03 -4.1230e-03  9.9935e-01  9.0000e+01
  3.6000e+04  8.9580e-19  9.0505e-25  2.8507e-06 -4.1230e-03  9.9935e-01  9.0000e+01
