  1.0000E-02  3.4488E-14  2.7535E-14  1.4456E+02  9.9077E-01  9.1354E-01  9.4000E+01
  2.0000E-02  1.9465E-14  7.8145E-15  8.1590E+01  9.8400E-01  9.8635E-01  9.1000E+01
  3.0000E-02  2.7170E-14  9.5005E-15  1.1389E+02  9.6335E-01  9.8118E-01  9.3000E+01
  4.0000E-02  3.7255E-14  1.2796E-14  1.5616E+02  9.3780E-01  9.3750E-01  8.8000E+01
  5.0000E-02  3.6478E-14  1.2420E-14  1.5290E+02  9.1532E-01  9.3147E-01  8.4000E+01
  6.0000E-02  4.8376E-14  1.6552E-14  2.0277E+02  8.3845E-01  8.5768E-01  8.5000E+01
  8.0000E-02  5.6757E-14  1.7258E-14  2.3790E+02  7.8573E-01  8.5444E-01  8.7000E+01
  1.0000E-01  5.8955E-14  1.7356E-14  2.4712E+02  7.5157E-01  7.6954E-01  7.5000E+01
  1.2000E-01  5.8055E-14  1.6695E-14  2.4335E+02  7.4677E-01  7.5457E-01  8.0000E+01
  1.5000E-01  5.3464E-14  1.5871E-14  2.2410E+02  7.2725E-01  5.8027E-01  8.9000E+01
  2.0000E-01  4.9760E-14  1.6807E-14  2.0857E+02  6.6318E-01  3.8192E-01  7.3000E+01
  2.5000E-01  5.4459E-14  1.7681E-14  2.2827E+02  6.1708E-01  4.3195E-01  1.0700E+02
  3.0000E-01  5.4654E-14  1.7479E-14  2.2909E+02  6.0435E-01  5.3122E-01  8.9000E+01
  3.6000E-01  5.0188E-14  1.6512E-14  2.1037E+02  5.6645E-01  5.0021E-01  9.1000E+01
  4.4000E-01  4.4319E-14  1.5424E-14  1.8577E+02  5.5369E-01  4.9105E-01  9.2000E+01
  5.5000E-01  3.7106E-14  1.3965E-14  1.5553E+02  5.3103E-01  4.6663E-01  8.9000E+01
  7.0000E-01  2.9754E-14  1.1924E-14  1.2472E+02  5.0819E-01  4.4940E-01  9.2000E+01
  8.5000E-01  2.4617E-14  1.0281E-14  1.0318E+02  4.9228E-01  4.3503E-01  9.2000E+01
  1.0000E+00  2.1009E-14  8.9520E-15  8.8062E+01  4.7903E-01  4.3096E-01  9.4000E+01
  1.1500E+00  1.8292E-14  7.8939E-15  7.6675E+01  4.6815E-01  4.3720E-01  9.5000E+01
  1.3000E+00  1.6137E-14  7.0257E-15  6.7642E+01  4.5710E-01  4.3703E-01  9.5000E+01
  1.7000E+00  1.2091E-14  5.2599E-15  5.0681E+01  4.3374E-01  4.5546E-01  9.6000E+01
  2.0000E+00  1.0037E-14  4.3192E-15  4.2073E+01  4.1687E-01  4.7156E-01  9.6000E+01
  2.2000E+00  8.9472E-15  3.8127E-15  3.7503E+01  4.0592E-01  4.8260E-01  9.6000E+01
  2.7000E+00  6.9182E-15  2.8415E-15  2.8999E+01  3.8114E-01  5.1292E-01  9.6000E+01
  3.0000E+00  6.0233E-15  2.4091E-15  2.5248E+01  3.6598E-01  5.3160E-01  9.6000E+01
  3.5000E+00  4.8754E-15  1.8563E-15  2.0436E+01  3.4125E-01  5.6145E-01  9.5000E+01
  4.0000E+00  4.0132E-15  1.4531E-15  1.6822E+01  3.1735E-01  5.8874E-01  9.5000E+01
  4.5000E+00  3.3566E-15  1.1489E-15  1.4070E+01  2.9456E-01  6.1479E-01  9.5000E+01
  5.0000E+00  2.8369E-15  9.1603E-16  1.1891E+01  2.7216E-01  6.3800E-01  9.4000E+01
  5.5000E+00  2.4323E-15  7.3197E-16  1.0195E+01  2.5262E-01  6.6072E-01  9.4000E+01
  6.0000E+00  2.1422E-15  5.8495E-16  8.9793E+00  2.3349E-01  6.8640E-01  9.4000E+01
  6.5000E+00  1.9230E-15  4.7424E-16  8.0605E+00  2.0601E-01  7.0863E-01  9.3000E+01
  7.0000E+00  1.7155E-15  3.8332E-16  7.1908E+00  1.8144E-01  7.2305E-01  9.2000E+01
  7.5000E+00  1.5775E-15  3.0868E-16  6.6121E+00  1.5044E-01  7.3167E-01  9.1000E+01
  8.0000E+00  1.6460E-15  2.5765E-16  6.8994E+00  1.2816E-01  7.3726E-01  9.1000E+01
  8.5000E+00  1.9023E-15  2.3578E-16  7.9739E+00  1.2233E-01  7.5591E-01  9.0000E+01
  9.0000E+00  2.1928E-15  2.2576E-16  9.1915E+00  1.1850E-01  7.7977E-01  9.0000E+01
  9.4000E+00  2.4086E-15  2.2838E-16  1.0096E+01  1.1740E-01  8.0037E-01  9.0000E+01
  9.5500E+00  2.4016E-15  2.2708E-16  1.0066E+01  1.1710E-01  8.0637E-01  9.0000E+01
  9.7000E+00  2.3486E-15  2.2375E-16  9.8442E+00  1.1675E-01  8.0942E-01  9.0000E+01
  9.8500E+00  2.2869E-15  2.1910E-16  9.5859E+00  1.1598E-01  8.1281E-01  9.0000E+01
  1.0000E+01  2.2243E-15  2.1416E-16  9.3235E+00  1.1567E-01  8.1524E-01  9.0000E+01
  1.0500E+01  2.0098E-15  2.0045E-16  8.4242E+00  1.1474E-01  8.2374E-01  9.0000E+01
  1.1000E+01  1.7360E-15  1.7949E-16  7.2765E+00  1.1490E-01  8.2907E-01  9.1000E+01
  1.1300E+01  1.6046E-15  1.6759E-16  6.7259E+00  1.1365E-01  8.3239E-01  9.1000E+01
  1.1600E+01  1.4820E-15  1.5631E-16  6.2119E+00  1.1255E-01  8.3389E-01  9.1000E+01
  1.2000E+01  1.3328E-15  1.4236E-16  5.5868E+00  1.1270E-01  8.3604E-01  9.1000E+01
  1.2500E+01  1.1630E-15  1.2530E-16  4.8750E+00  1.1372E-01  8.3657E-01  9.1000E+01
  1.3000E+01  1.0318E-15  1.0945E-16  4.3247E+00  1.1265E-01  8.4253E-01  9.2000E+01
  1.3500E+01  9.0939E-16  9.5200E-17  3.8118E+00  1.0726E-01  8.4327E-01  9.1000E+01
  1.4000E+01  8.2257E-16  8.1088E-17  3.4479E+00  1.0172E-01  8.4725E-01  9.1000E+01
  1.4500E+01  7.8682E-16  6.9344E-17  3.2980E+00  9.1482E-02  8.5162E-01  9.1000E+01
  1.5000E+01  7.8401E-16  6.0592E-17  3.2863E+00  8.4026E-02  8.5695E-01  9.1000E+01
  1.6000E+01  8.0419E-16  4.8649E-17  3.3709E+00  7.3460E-02  8.6731E-01  9.0000E+01
  1.7000E+01  8.3529E-16  4.1343E-17  3.5012E+00  6.6255E-02  8.7930E-01  9.0000E+01
  1.8000E+01  8.4282E-16  3.6495E-17  3.5328E+00  6.1116E-02  8.9176E-01  9.0000E+01
  1.9000E+01  8.0308E-16  3.2569E-17  3.3662E+00  5.8622E-02  9.0058E-01  9.0000E+01
  2.0000E+01  7.3179E-16  2.8552E-17  3.0674E+00  5.7749E-02  9.0857E-01  9.0000E+01
  2.2000E+01  6.0231E-16  2.1137E-17  2.5246E+00  5.3659E-02  9.1893E-01  9.1000E+01
  2.3000E+01  5.4843E-16  1.8164E-17  2.2988E+00  5.2127E-02  9.2346E-01  9.1000E+01
  2.4000E+01  5.0343E-16  1.5669E-17  2.1102E+00  5.0471E-02  9.2687E-01  9.1000E+01
  2.5000E+01  4.6316E-16  1.3564E-17  1.9414E+00  4.9336E-02  9.3012E-01  9.1000E+01
  2.6000E+01  4.2752E-16  1.1741E-17  1.7920E+00  4.8316E-02  9.3324E-01  9.1000E+01
  2.7000E+01  3.9585E-16  1.0204E-17  1.6593E+00  4.7224E-02  9.3604E-01  9.1000E+01
  2.8000E+01  3.6739E-16  8.9007E-18  1.5400E+00  4.6551E-02  9.3854E-01  9.1000E+01
  3.0000E+01  3.2016E-16  6.8458E-18  1.3420E+00  4.4858E-02  9.4354E-01  9.1000E+01
  3.5000E+01  2.3613E-16  3.7237E-18  9.8975E-01  4.3045E-02  9.5380E-01  9.1000E+01
  4.0000E+01  1.8353E-16  2.1765E-18  7.6929E-01  4.0806E-02  9.6269E-01  9.1000E+01
  4.5000E+01  1.4697E-16  1.3487E-18  6.1603E-01  3.8760E-02  9.7034E-01  9.1000E+01
  5.0000E+01  1.2022E-16  8.7694E-19  5.0394E-01  3.6452E-02  9.7619E-01  9.1000E+01
  5.5000E+01  1.0076E-16  5.9370E-19  4.2233E-01  3.3863E-02  9.8112E-01  9.1000E+01
  6.0000E+01  8.5784E-17  4.1597E-19  3.5957E-01  3.1263E-02  9.8492E-01  9.1000E+01
  6.5000E+01  7.4034E-17  3.0005E-19  3.1032E-01  2.8758E-02  9.8785E-01  9.1000E+01
  7.0000E+01  6.4763E-17  2.2189E-19  2.7146E-01  2.6355E-02  9.9018E-01  9.1000E+01
  7.5000E+01  5.7064E-17  1.6767E-19  2.3919E-01  2.4217E-02  9.9188E-01  9.1000E+01
  8.0000E+01  5.0497E-17  1.2909E-19  2.1167E-01  2.2455E-02  9.9315E-01  9.1000E+01
  8.5000E+01  4.5099E-17  1.0100E-19  1.8904E-01  2.0831E-02  9.9419E-01  9.1000E+01
  9.0000E+01  4.0797E-17  8.0135E-20  1.7101E-01  1.9269E-02  9.9514E-01  9.1000E+01
  9.5000E+01  3.6970E-17  6.4385E-20  1.5496E-01  1.8024E-02  9.9588E-01  9.1000E+01
  1.0000E+02  3.3795E-17  5.2358E-20  1.4166E-01  1.6719E-02  9.9648E-01  9.1000E+01
  1.0500E+02  3.0913E-17  4.3022E-20  1.2958E-01  1.5640E-02  9.9693E-01  9.1000E+01
  1.1000E+02  2.8449E-17  3.5667E-20  1.1925E-01  1.4673E-02  9.9734E-01  9.1000E+01
  1.2000E+02  2.4362E-17  2.5137E-20  1.0211E-01  1.2950E-02  9.9792E-01  9.1000E+01
  1.3000E+02  2.1185E-17  1.8230E-20  8.8800E-02  1.1477E-02  9.9834E-01  9.1000E+01
  1.4000E+02  1.8532E-17  1.3539E-20  7.7678E-02  1.0333E-02  9.9862E-01  9.1000E+01
  1.5000E+02  1.6436E-17  1.0268E-20  6.8892E-02  9.2968E-03  9.9889E-01  9.0000E+01
  2.0000E+02  9.8238E-18  3.2456E-21  4.1177E-02  6.0963E-03  9.9954E-01  9.0000E+01
  2.5000E+02  6.6515E-18  1.3294E-21  2.7880E-02  4.3467E-03  9.9977E-01  9.0000E+01
  3.0000E+02  4.8583E-18  6.4132E-22  2.0364E-02  3.2805E-03  9.9987E-01  9.0000E+01
  4.0000E+02  2.9718E-18  2.0310E-22  1.2456E-02  2.1006E-03  9.9995E-01  9.0000E+01
  5.0000E+02  2.0445E-18  8.3314E-23  8.5699E-03  1.4837E-03  9.9997E-01  9.0000E+01
  7.0000E+02  1.1759E-18  2.1719E-23  4.9288E-03  8.7158E-04  9.9999E-01  9.0000E+01
  1.0000E+03  6.4279E-19  5.2243E-24  2.6943E-03  5.0899E-04  1.0000E+00  9.0000E+01
  4.0000E+03  6.1707E-20  2.0631E-26  2.5865E-04  6.5136E-05  1.0000E+00  9.0000E+01
  1.3000E+04  1.0887E-20  1.8540E-28  4.5634E-05  9.6155E-06  1.0000E+00  9.0000E+01
  2.0000E+04  5.8287E-21  3.3117E-29  2.4432E-05  4.7902E-06  1.0000E+00  9.0000E+01
  3.6000E+04  2.3802E-21  3.1573E-30  9.9769E-06  1.9296E-06  1.0000E+00  9.0000E+01
