  1.0000E-02  8.9957E-15  6.3700E-15  3.7706E+01  9.9548E-01  7.7481E-01  9.7000E+01
  2.0000E-02  6.5414E-15  3.1112E-15  2.7419E+01  9.8976E-01  9.8670E-01  9.2000E+01
  3.0000E-02  7.6050E-15  3.4699E-15  3.1877E+01  9.7476E-01  9.5749E-01  9.2000E+01
  4.0000E-02  8.7584E-15  4.0660E-15  3.6712E+01  9.5646E-01  9.2637E-01  9.3000E+01
  5.0000E-02  8.7709E-15  4.1023E-15  3.6764E+01  9.3484E-01  8.5637E-01  9.2000E+01
  6.0000E-02  1.0066E-14  5.1181E-15  4.2191E+01  8.6706E-01  7.1081E-01  8.1000E+01
  8.0000E-02  1.1365E-14  5.2867E-15  4.7637E+01  8.3557E-01  7.4983E-01  7.0000E+01
  1.0000E-01  1.1865E-14  5.3689E-15  4.9732E+01  8.0261E-01  6.7423E-01  7.3000E+01
  1.2000E-01  1.2099E-14  5.3417E-15  5.0713E+01  7.7974E-01  6.0661E-01  7.9000E+01
  1.5000E-01  1.2124E-14  5.4271E-15  5.0821E+01  7.4062E-01  4.7666E-01  8.7000E+01
  2.0000E-01  1.0809E-14  5.9025E-15  4.5308E+01  6.7925E-01  2.3414E-01  8.0000E+01
  2.5000E-01  1.0719E-14  5.7632E-15  4.4931E+01  6.6610E-01  3.1487E-01  8.7000E+01
  3.0000E-01  1.0632E-14  5.4888E-15  4.4565E+01  6.5487E-01  3.8342E-01  8.5000E+01
  3.6000E-01  1.0193E-14  5.1607E-15  4.2724E+01  6.4358E-01  4.0750E-01  8.4000E+01
  4.4000E-01  9.5046E-15  4.8023E-15  3.9840E+01  6.3033E-01  4.1075E-01  9.0000E+01
  5.5000E-01  8.5695E-15  4.3944E-15  3.5920E+01  6.1634E-01  4.0466E-01  8.8000E+01
  7.0000E-01  7.5315E-15  3.9428E-15  3.1569E+01  6.0508E-01  3.8741E-01  8.6000E+01
  8.5000E-01  6.7444E-15  3.5858E-15  2.8270E+01  5.9750E-01  3.7512E-01  8.8000E+01
  1.0000E+00  6.1526E-15  3.3019E-15  2.5789E+01  5.9305E-01  3.6106E-01  9.0000E+01
  1.1500E+00  5.6875E-15  3.0712E-15  2.3840E+01  5.8843E-01  3.6150E-01  9.3000E+01
  1.3000E+00  5.3032E-15  2.8795E-15  2.2229E+01  5.8411E-01  3.5430E-01  9.4000E+01
  1.7000E+00  4.5529E-15  2.4920E-15  1.9084E+01  5.7604E-01  3.4038E-01  9.0000E+01
  2.0000E+00  4.1481E-15  2.2730E-15  1.7387E+01  5.7070E-01  3.4478E-01  9.5000E+01
  2.2000E+00  3.9275E-15  2.1539E-15  1.6462E+01  5.6781E-01  3.4470E-01  9.4000E+01
  2.7000E+00  3.4867E-15  1.9086E-15  1.4615E+01  5.6220E-01  3.4482E-01  9.3000E+01
  3.0000E+00  3.2781E-15  1.7907E-15  1.3740E+01  5.5882E-01  3.4657E-01  9.3000E+01
  3.1000E+00  3.2141E-15  1.7541E-15  1.3472E+01  5.5755E-01  3.4543E-01  9.0000E+01
  3.2000E+00  3.1568E-15  1.7220E-15  1.3232E+01  5.5642E-01  3.4349E-01  9.0000E+01
  3.3000E+00  3.0995E-15  1.6893E-15  1.2992E+01  5.5518E-01  3.4735E-01  9.2000E+01
  3.4000E+00  3.0419E-15  1.6564E-15  1.2750E+01  5.5443E-01  3.4952E-01  9.4000E+01
  3.5000E+00  2.9900E-15  1.6269E-15  1.2533E+01  5.5368E-01  3.4743E-01  8.9000E+01
  3.6000E+00  2.9406E-15  1.5989E-15  1.2326E+01  5.5282E-01  3.4787E-01  9.1000E+01
  3.7000E+00  2.8927E-15  1.5707E-15  1.2125E+01  5.5190E-01  3.5255E-01  9.3000E+01
  3.8000E+00  2.8450E-15  1.5438E-15  1.1925E+01  5.5070E-01  3.5230E-01  9.5000E+01
  3.9000E+00  2.7998E-15  1.5194E-15  1.1736E+01  5.4984E-01  3.5088E-01  8.9000E+01
  4.0000E+00  2.7565E-15  1.4944E-15  1.1554E+01  5.4951E-01  3.5177E-01  9.1000E+01
  4.1000E+00  2.7157E-15  1.4704E-15  1.1383E+01  5.4826E-01  3.5612E-01  9.3000E+01
  4.2000E+00  2.6715E-15  1.4459E-15  1.1198E+01  5.4795E-01  3.5598E-01  9.4000E+01
  4.3000E+00  2.6348E-15  1.4246E-15  1.1044E+01  5.4713E-01  3.5567E-01  8.9000E+01
  4.4000E+00  2.5956E-15  1.4032E-15  1.0880E+01  5.4671E-01  3.5564E-01  9.0000E+01
  4.5000E+00  2.5595E-15  1.3810E-15  1.0728E+01  5.4637E-01  3.5944E-01  9.2000E+01
  5.0000E+00  2.3877E-15  1.2807E-15  1.0008E+01  5.4394E-01  3.6717E-01  9.2000E+01
  5.5000E+00  2.2369E-15  1.1862E-15  9.3762E+00  5.4404E-01  3.7740E-01  9.2000E+01
  6.0000E+00  2.1065E-15  1.0959E-15  8.8296E+00  5.4539E-01  3.9264E-01  9.1000E+01
  6.5000E+00  1.9890E-15  1.0163E-15  8.3370E+00  5.4107E-01  4.0742E-01  8.9000E+01
  7.0000E+00  1.8631E-15  9.3256E-16  7.8094E+00  5.3772E-01  4.2058E-01  8.8000E+01
  7.5000E+00  1.7294E-15  8.1705E-16  7.2490E+00  5.2075E-01  4.3354E-01  8.8000E+01
  8.0000E+00  1.6976E-15  6.9687E-16  7.1156E+00  4.7683E-01  4.3160E-01  8.5000E+01
  8.5000E+00  1.8563E-15  7.0554E-16  7.7809E+00  4.7362E-01  4.4747E-01  8.3000E+01
  9.0000E+00  2.0219E-15  7.2972E-16  8.4751E+00  4.6854E-01  4.6885E-01  8.0000E+01
  9.4000E+00  2.1591E-15  7.5861E-16  9.0502E+00  4.6135E-01  4.8541E-01  8.1000E+01
  9.5500E+00  2.1707E-15  7.6429E-16  9.0988E+00  4.5926E-01  4.8754E-01  8.2000E+01
  9.7000E+00  2.1611E-15  7.6619E-16  9.0583E+00  4.5746E-01  4.8660E-01  8.2000E+01
  9.8500E+00  2.1438E-15  7.6598E-16  8.9860E+00  4.5586E-01  4.8554E-01  8.3000E+01
  1.0000E+01  2.1251E-15  7.6473E-16  8.9078E+00  4.5456E-01  4.8471E-01  8.0000E+01
  1.0500E+01  2.0586E-15  7.6412E-16  8.6289E+00  4.4911E-01  4.8120E-01  8.2000E+01
  1.1000E+01  1.9483E-15  7.5002E-16  8.1667E+00  4.4736E-01  4.7181E-01  8.4000E+01
  1.1100E+01  1.9297E-15  7.4715E-16  8.0886E+00  4.4685E-01  4.7030E-01  8.4000E+01
  1.1200E+01  1.9107E-15  7.4436E-16  8.0089E+00  4.4610E-01  4.6832E-01  8.4000E+01
  1.1300E+01  1.8913E-15  7.4118E-16  7.9274E+00  4.4563E-01  4.6635E-01  8.2000E+01
  1.1400E+01  1.8725E-15  7.3812E-16  7.8487E+00  4.4496E-01  4.6475E-01  8.2000E+01
  1.1500E+01  1.8542E-15  7.3493E-16  7.7723E+00  4.4439E-01  4.6287E-01  8.2000E+01
  1.1600E+01  1.8371E-15  7.3184E-16  7.7002E+00  4.4391E-01  4.6110E-01  8.3000E+01
  1.1700E+01  1.8205E-15  7.2875E-16  7.6306E+00  4.4352E-01  4.5943E-01  8.3000E+01
  1.1800E+01  1.8037E-15  7.2567E-16  7.5606E+00  4.4322E-01  4.5760E-01  8.3000E+01
  1.1900E+01  1.7866E-15  7.2253E-16  7.4889E+00  4.4311E-01  4.5573E-01  8.4000E+01
  1.2000E+01  1.7689E-15  7.1957E-16  7.4148E+00  4.4280E-01  4.5373E-01  8.4000E+01
  1.2100E+01  1.7510E-15  7.1617E-16  7.3397E+00  4.4263E-01  4.5129E-01  8.4000E+01
  1.2200E+01  1.7339E-15  7.1251E-16  7.2679E+00  4.4264E-01  4.4905E-01  8.5000E+01
  1.2300E+01  1.7178E-15  7.0883E-16  7.2002E+00  4.4270E-01  4.4700E-01  8.5000E+01
  1.2400E+01  1.7023E-15  7.0534E-16  7.1356E+00  4.4268E-01  4.4486E-01  8.5000E+01
  1.2500E+01  1.6867E-15  7.0154E-16  7.0701E+00  4.4325E-01  4.4269E-01  8.6000E+01
  1.2600E+01  1.6717E-15  6.9814E-16  7.0069E+00  4.4368E-01  4.4106E-01  8.6000E+01
  1.2700E+01  1.6566E-15  6.9442E-16  6.9440E+00  4.4424E-01  4.3927E-01  8.6000E+01
  1.2800E+01  1.6416E-15  6.9087E-16  6.8811E+00  4.4475E-01  4.3770E-01  8.6000E+01
  1.2900E+01  1.6269E-15  6.8771E-16  6.8194E+00  4.4481E-01  4.3645E-01  8.4000E+01
  1.3000E+01  1.6125E-15  6.8450E-16  6.7589E+00  4.4458E-01  4.3500E-01  8.4000E+01
  1.3100E+01  1.5981E-15  6.8113E-16  6.6986E+00  4.4434E-01  4.3342E-01  8.4000E+01
  1.3200E+01  1.5839E-15  6.7781E-16  6.6390E+00  4.4400E-01  4.3173E-01  8.5000E+01
  1.3300E+01  1.5695E-15  6.7435E-16  6.5789E+00  4.4379E-01  4.2962E-01  8.5000E+01
  1.3400E+01  1.5552E-15  6.7070E-16  6.5189E+00  4.4386E-01  4.2766E-01  8.5000E+01
  1.3500E+01  1.5407E-15  6.6678E-16  6.4580E+00  4.4408E-01  4.2560E-01  8.5000E+01
  1.4000E+01  1.4756E-15  6.4262E-16  6.1850E+00  4.4746E-01  4.2197E-01  8.7000E+01
  1.4500E+01  1.4299E-15  6.1483E-16  5.9935E+00  4.4719E-01  4.2609E-01  8.4000E+01
  1.5000E+01  1.4045E-15  5.9002E-16  5.8873E+00  4.4506E-01  4.3397E-01  8.5000E+01
  1.6000E+01  1.3817E-15  5.5444E-16  5.7917E+00  4.3723E-01  4.4456E-01  8.3000E+01
  1.7000E+01  1.3817E-15  5.3571E-16  5.7915E+00  4.2747E-01  4.5278E-01  8.4000E+01
  1.8000E+01  1.3808E-15  5.2785E-16  5.7879E+00  4.1751E-01  4.5940E-01  8.2000E+01
  1.9000E+01  1.3606E-15  5.2299E-16  5.7029E+00  4.0859E-01  4.5890E-01  8.3000E+01
  2.0000E+01  1.3186E-15  5.1563E-16  5.5270E+00  4.0237E-01  4.5742E-01  8.2000E+01
  2.2000E+01  1.2257E-15  4.9341E-16  5.1376E+00  3.9175E-01  4.4971E-01  8.2000E+01
  2.3000E+01  1.1823E-15  4.8195E-16  4.9559E+00  3.8743E-01  4.4626E-01  8.3000E+01
  2.4000E+01  1.1436E-15  4.7062E-16  4.7934E+00  3.8299E-01  4.4217E-01  8.2000E+01
  2.5000E+01  1.1072E-15  4.5978E-16  4.6411E+00  3.7896E-01  4.3973E-01  8.3000E+01
  2.6000E+01  1.0726E-15  4.4893E-16  4.4961E+00  3.7550E-01  4.3652E-01  8.4000E+01
  2.7000E+01  1.0404E-15  4.3868E-16  4.3609E+00  3.7196E-01  4.3329E-01  8.2000E+01
  2.8000E+01  1.0103E-15  4.2878E-16  4.2346E+00  3.6873E-01  4.3113E-01  8.3000E+01
  3.0000E+01  9.5575E-16  4.1052E-16  4.0061E+00  3.6228E-01  4.2567E-01  8.3000E+01
  3.5000E+01  8.4371E-16  3.6967E-16  3.5365E+00  3.5005E-01  4.1655E-01  8.4000E+01
  4.0000E+01  7.5737E-16  3.3664E-16  3.1746E+00  3.3918E-01  4.0968E-01  8.5000E+01
  4.5000E+01  6.8758E-16  3.0926E-16  2.8821E+00  3.3002E-01  4.0410E-01  8.5000E+01
  5.0000E+01  6.2965E-16  2.8612E-16  2.6393E+00  3.2169E-01  3.9902E-01  8.5000E+01
  5.5000E+01  5.8103E-16  2.6631E-16  2.4355E+00  3.1447E-01  3.9499E-01  8.5000E+01
  6.0000E+01  5.3942E-16  2.4915E-16  2.2611E+00  3.0783E-01  3.9111E-01  8.5000E+01
  6.5000E+01  5.0338E-16  2.3415E-16  2.1100E+00  3.0168E-01  3.8742E-01  8.6000E+01
  7.0000E+01  4.7187E-16  2.2093E-16  1.9779E+00  2.9601E-01  3.8481E-01  8.6000E+01
  7.5000E+01  4.4393E-16  2.0918E-16  1.8608E+00  2.9044E-01  3.8167E-01  8.6000E+01
  8.0000E+01  4.1904E-16  1.9862E-16  1.7565E+00  2.8508E-01  3.7841E-01  8.6000E+01
  8.5000E+01  3.9675E-16  1.8909E-16  1.6630E+00  2.8007E-01  3.7579E-01  8.6000E+01
  9.0000E+01  3.7680E-16  1.8040E-16  1.5794E+00  2.7581E-01  3.7319E-01  8.6000E+01
  9.5000E+01  3.5874E-16  1.7239E-16  1.5037E+00  2.7180E-01  3.7094E-01  8.6000E+01
  1.0000E+02  3.4218E-16  1.6519E-16  1.4343E+00  2.6769E-01  3.6856E-01  8.7000E+01
  1.0500E+02  3.2698E-16  1.5856E-16  1.3706E+00  2.6357E-01  3.6640E-01  8.6000E+01
  1.1000E+02  3.1314E-16  1.5237E-16  1.3126E+00  2.5999E-01  3.6422E-01  8.7000E+01
  1.2000E+02  2.8839E-16  1.4138E-16  1.2088E+00  2.5279E-01  3.6027E-01  8.7000E+01
  1.3000E+02  2.6707E-16  1.3186E-16  1.1195E+00  2.4613E-01  3.5635E-01  8.6000E+01
  1.4000E+02  2.4853E-16  1.2347E-16  1.0418E+00  2.3988E-01  3.5241E-01  8.7000E+01
  1.5000E+02  2.3219E-16  1.1605E-16  9.7326E-01  2.3406E-01  3.4971E-01  8.7000E+01
  2.0000E+02  1.7321E-16  8.8744E-17  7.2605E-01  2.0887E-01  3.3375E-01  8.6000E+01
  2.5000E+02  1.3647E-16  7.1104E-17  5.7203E-01  1.8982E-01  3.2268E-01  8.6000E+01
  3.0000E+02  1.1154E-16  5.8724E-17  4.6753E-01  1.7390E-01  3.1302E-01  8.6000E+01
  4.0000E+02  7.9555E-17  4.2358E-17  3.3346E-01  1.5199E-01  3.0880E-01  8.7000E+01
  5.0000E+02  6.0210E-17  3.2226E-17  2.5238E-01  1.3393E-01  3.0465E-01  8.6000E+01
  7.0000E+02  3.8632E-17  2.0441E-17  1.6193E-01  1.0752E-01  3.0004E-01  8.5000E+01
  1.0000E+03  2.3112E-17  1.1847E-17  9.6876E-02  8.0048E-02  2.9098E-01  8.2000E+01
  3.6000e+04  2.3439e-17  1.2023e-17  9.7411e-04  8.4130e-02  2.8459e-01  8.3000e+01
