1.0000e-02 6.5056e-15 3.5164e-15 2.7269e+01 9.9692e-01 9.9451e-01 9.0000e+01 
1.0443e-02 6.5944e-15 3.5535e-15 2.7641e+01 9.9626e-01 9.9360e-01 9.0062e+01 
1.0905e-02 6.6843e-15 3.5909e-15 2.8018e+01 9.9561e-01 9.9270e-01 9.0125e+01 
1.1388e-02 6.7755e-15 3.6288e-15 2.8400e+01 9.9495e-01 9.9179e-01 9.0188e+01 
1.1892e-02 6.8680e-15 3.6670e-15 2.8788e+01 9.9429e-01 9.9089e-01 9.0250e+01 
1.2419e-02 6.9617e-15 3.7057e-15 2.9181e+01 9.9363e-01 9.8999e-01 9.0312e+01 
1.2968e-02 7.0567e-15 3.7448e-15 2.9579e+01 9.9298e-01 9.8908e-01 9.0375e+01 
1.3543e-02 7.1530e-15 3.7842e-15 2.9982e+01 9.9232e-01 9.8818e-01 9.0438e+01 
1.4142e-02 7.2505e-15 3.8241e-15 3.0391e+01 9.9166e-01 9.8727e-01 9.0500e+01 
1.4768e-02 7.3495e-15 3.8644e-15 3.0806e+01 9.9100e-01 9.8636e-01 9.0562e+01 
1.5422e-02 7.4498e-15 3.9052e-15 3.1226e+01 9.9035e-01 9.8546e-01 9.0625e+01 
1.6105e-02 7.5514e-15 3.9464e-15 3.1652e+01 9.8969e-01 9.8455e-01 9.0688e+01 
1.6818e-02 7.6544e-15 3.9880e-15 3.2084e+01 9.8903e-01 9.8365e-01 9.0750e+01 
1.7563e-02 7.7589e-15 4.0300e-15 3.2522e+01 9.8837e-01 9.8274e-01 9.0812e+01 
1.8340e-02 7.8647e-15 4.0725e-15 3.2965e+01 9.8772e-01 9.8184e-01 9.0875e+01 
1.9152e-02 7.9720e-15 4.1154e-15 3.3415e+01 9.8706e-01 9.8094e-01 9.0938e+01 
2.0000e-02 8.0808e-15 4.1588e-15 3.3871e+01 9.8640e-01 9.8003e-01 9.1000e+01 
2.1040e-02 8.2408e-15 4.2055e-15 3.4542e+01 9.8369e-01 9.7632e-01 9.0875e+01 
2.2134e-02 8.4039e-15 4.2528e-15 3.5225e+01 9.8099e-01 9.7261e-01 9.0750e+01 
2.3284e-02 8.5703e-15 4.3005e-15 3.5923e+01 9.7828e-01 9.6890e-01 9.0625e+01 
2.4495e-02 8.7399e-15 4.3489e-15 3.6634e+01 9.7557e-01 9.6519e-01 9.0500e+01 
2.5768e-02 8.9129e-15 4.3977e-15 3.7359e+01 9.7287e-01 9.6148e-01 9.0375e+01 
2.7108e-02 9.0894e-15 4.4471e-15 3.8099e+01 9.7016e-01 9.5777e-01 9.0250e+01 
2.8517e-02 9.2693e-15 4.4971e-15 3.8853e+01 9.6746e-01 9.5406e-01 9.0125e+01 
3.0000e-02 9.4528e-15 4.5476e-15 3.9622e+01 9.6475e-01 9.5035e-01 9.0000e+01 
3.1098e-02 9.5757e-15 4.5631e-15 4.0137e+01 9.6127e-01 9.4850e-01 8.9750e+01 
3.2237e-02 9.7002e-15 4.5787e-15 4.0660e+01 9.5780e-01 9.4665e-01 8.9500e+01 
3.3417e-02 9.8263e-15 4.5943e-15 4.1188e+01 9.5432e-01 9.4480e-01 8.9250e+01 
3.4641e-02 9.9541e-15 4.6100e-15 4.1724e+01 9.5084e-01 9.4295e-01 8.9000e+01 
3.5909e-02 1.0084e-14 4.6257e-15 4.2267e+01 9.4737e-01 9.4111e-01 8.8750e+01 
3.7224e-02 1.0215e-14 4.6415e-15 4.2817e+01 9.4389e-01 9.3926e-01 8.8500e+01 
3.8587e-02 1.0347e-14 4.6573e-15 4.3374e+01 9.4042e-01 9.3741e-01 8.8250e+01 
4.0000e-02 1.0482e-14 4.6732e-15 4.3938e+01 9.3694e-01 9.3556e-01 8.8000e+01 
4.2295e-02 1.0457e-14 4.6264e-15 4.3832e+01 9.2993e-01 9.2835e-01 8.7750e+01 
4.4721e-02 1.0431e-14 4.5800e-15 4.3725e+01 9.2292e-01 9.2114e-01 8.7500e+01 
4.7287e-02 1.0406e-14 4.5341e-15 4.3620e+01 9.1591e-01 9.1394e-01 8.7250e+01 
5.0000e-02 1.0381e-14 4.4886e-15 4.3514e+01 9.0890e-01 9.0673e-01 8.7000e+01 
5.2332e-02 1.0833e-14 4.7590e-15 4.5407e+01 8.8753e-01 8.8248e-01 8.6000e+01 
5.4772e-02 1.1304e-14 5.0458e-15 4.7383e+01 8.6616e-01 8.5822e-01 8.5000e+01 
5.7327e-02 1.1796e-14 5.3498e-15 4.9445e+01 8.4479e-01 8.3396e-01 8.4000e+01 
6.0000e-02 1.2309e-14 5.6721e-15 5.1596e+01 8.2342e-01 8.0971e-01 8.3000e+01 
6.2197e-02 1.2594e-14 5.7153e-15 5.2789e+01 8.1643e-01 8.0708e-01 8.2375e+01 
6.4474e-02 1.2885e-14 5.7588e-15 5.4009e+01 8.0943e-01 8.0446e-01 8.1750e+01 
6.6835e-02 1.3182e-14 5.8027e-15 5.5257e+01 8.0244e-01 8.0183e-01 8.1125e+01 
6.9282e-02 1.3487e-14 5.8469e-15 5.6534e+01 7.9544e-01 7.9920e-01 8.0500e+01 
7.1819e-02 1.3799e-14 5.8914e-15 5.7841e+01 7.8845e-01 7.9657e-01 7.9875e+01 
7.4448e-02 1.4118e-14 5.9362e-15 5.9178e+01 7.8145e-01 7.9395e-01 7.9250e+01 
7.7174e-02 1.4444e-14 5.9815e-15 6.0546e+01 7.7446e-01 7.9132e-01 7.8625e+01 
8.0000e-02 1.4778e-14 6.0270e-15 6.1945e+01 7.6746e-01 7.8869e-01 7.8000e+01 
8.4590e-02 1.4867e-14 6.0176e-15 6.2317e+01 7.6046e-01 7.7358e-01 7.8750e+01 
8.9443e-02 1.4956e-14 6.0082e-15 6.2692e+01 7.5345e-01 7.5846e-01 7.9500e+01 
9.4574e-02 1.5046e-14 5.9988e-15 6.3069e+01 7.4645e-01 7.4335e-01 8.0250e+01 
1.0000e-01 1.5137e-14 5.9894e-15 6.3448e+01 7.3945e-01 7.2824e-01 8.1000e+01 
1.0466e-01 1.5015e-14 5.9259e-15 6.2935e+01 7.3875e-01 7.1383e-01 8.2000e+01 
1.0954e-01 1.4893e-14 5.8630e-15 6.2426e+01 7.3805e-01 6.9943e-01 8.3000e+01 
1.1465e-01 1.4773e-14 5.8008e-15 6.1921e+01 7.3735e-01 6.8502e-01 8.4000e+01 
1.2000e-01 1.4653e-14 5.7393e-15 6.1420e+01 7.3665e-01 6.7062e-01 8.5000e+01 
1.2688e-01 1.4415e-14 5.7117e-15 6.0423e+01 7.3205e-01 6.3466e-01 8.6250e+01 
1.3416e-01 1.4181e-14 5.6843e-15 5.9443e+01 7.2745e-01 5.9869e-01 8.7500e+01 
1.4186e-01 1.3951e-14 5.6570e-15 5.8478e+01 7.2285e-01 5.6273e-01 8.8750e+01 
1.5000e-01 1.3725e-14 5.6298e-15 5.7529e+01 7.1825e-01 5.2677e-01 9.0000e+01 
1.5549e-01 1.3464e-14 5.6696e-15 5.6434e+01 7.1266e-01 4.9203e-01 8.9375e+01 
1.6119e-01 1.3207e-14 5.7097e-15 5.5360e+01 7.0708e-01 4.5728e-01 8.8750e+01 
1.6709e-01 1.2956e-14 5.7500e-15 5.4307e+01 7.0149e-01 4.2254e-01 8.8125e+01 
1.7321e-01 1.2709e-14 5.7907e-15 5.3273e+01 6.9590e-01 3.8779e-01 8.7500e+01 
1.7955e-01 1.2467e-14 5.8316e-15 5.2259e+01 6.9032e-01 3.5305e-01 8.6875e+01 
1.8612e-01 1.2230e-14 5.8729e-15 5.1265e+01 6.8473e-01 3.1831e-01 8.6250e+01 
1.9294e-01 1.1997e-14 5.9144e-15 5.0289e+01 6.7915e-01 2.8356e-01 8.5625e+01 
2.0000e-01 1.1769e-14 5.9562e-15 4.9332e+01 6.7356e-01 2.4882e-01 8.5000e+01 
2.1147e-01 1.1776e-14 5.9102e-15 4.9360e+01 6.7095e-01 2.7119e-01 8.6250e+01 
2.2361e-01 1.1782e-14 5.8646e-15 4.9389e+01 6.6834e-01 2.9355e-01 8.7500e+01 
2.3644e-01 1.1789e-14 5.8193e-15 4.9417e+01 6.6572e-01 3.1592e-01 8.8750e+01 
2.5000e-01 1.1796e-14 5.7744e-15 4.9446e+01 6.6311e-01 3.3829e-01 9.0000e+01 
2.6166e-01 1.1760e-14 5.7059e-15 4.9295e+01 6.6050e-01 3.5088e-01 8.9000e+01 
2.7386e-01 1.1724e-14 5.6383e-15 4.9144e+01 6.5790e-01 3.6348e-01 8.8000e+01 
2.8663e-01 1.1689e-14 5.5715e-15 4.8994e+01 6.5529e-01 3.7608e-01 8.7000e+01 
3.0000e-01 1.1653e-14 5.5054e-15 4.8844e+01 6.5268e-01 3.8867e-01 8.6000e+01 
3.1399e-01 1.1490e-14 5.4236e-15 4.8159e+01 6.5014e-01 3.8965e-01 8.5250e+01 
3.2863e-01 1.1328e-14 5.3431e-15 4.7485e+01 6.4759e-01 3.9062e-01 8.4500e+01 
3.4396e-01 1.1170e-14 5.2637e-15 4.6819e+01 6.4504e-01 3.9160e-01 8.3750e+01 
3.6000e-01 1.1013e-14 5.1855e-15 4.6163e+01 6.4250e-01 3.9258e-01 8.3000e+01 
3.7852e-01 1.0774e-14 5.0896e-15 4.5163e+01 6.3936e-01 3.9726e-01 8.5250e+01 
3.9799e-01 1.0541e-14 4.9955e-15 4.4184e+01 6.3623e-01 4.0194e-01 8.7500e+01 
4.1847e-01 1.0312e-14 4.9032e-15 4.3227e+01 6.3309e-01 4.0663e-01 8.9750e+01 
4.4000e-01 1.0089e-14 4.8125e-15 4.2290e+01 6.2996e-01 4.1131e-01 9.2000e+01 
4.6524e-01 9.7920e-15 4.7060e-15 4.1045e+01 6.2656e-01 4.0993e-01 9.2000e+01 
4.9193e-01 9.5038e-15 4.6019e-15 3.9837e+01 6.2316e-01 4.0856e-01 9.2000e+01 
5.2016e-01 9.2241e-15 4.5001e-15 3.8664e+01 6.1977e-01 4.0718e-01 9.2000e+01 
5.5000e-01 8.9526e-15 4.4006e-15 3.7526e+01 6.1637e-01 4.0580e-01 9.2000e+01 
5.8418e-01 8.6420e-15 4.2825e-15 3.6224e+01 6.1362e-01 4.0052e-01 9.2250e+01 
6.2048e-01 8.3421e-15 4.1675e-15 3.4967e+01 6.1088e-01 3.9524e-01 9.2500e+01 
6.5904e-01 8.0526e-15 4.0556e-15 3.3753e+01 6.0813e-01 3.8997e-01 9.2750e+01 
7.0000e-01 7.7732e-15 3.9467e-15 3.2582e+01 6.0539e-01 3.8469e-01 9.3000e+01 
7.3482e-01 7.5468e-15 3.8529e-15 3.1633e+01 6.0337e-01 3.8387e-01 9.2250e+01 
7.7136e-01 7.3270e-15 3.7613e-15 3.0712e+01 6.0135e-01 3.8305e-01 9.1500e+01 
8.0973e-01 7.1136e-15 3.6719e-15 2.9817e+01 5.9934e-01 3.8224e-01 9.0750e+01 
8.5000e-01 6.9064e-15 3.5846e-15 2.8949e+01 5.9732e-01 3.8142e-01 9.0000e+01 
8.8525e-01 6.7437e-15 3.5127e-15 2.8267e+01 5.9629e-01 3.7591e-01 9.1250e+01 
9.2195e-01 6.5848e-15 3.4422e-15 2.7601e+01 5.9526e-01 3.7040e-01 9.2500e+01 
9.6018e-01 6.4296e-15 3.3731e-15 2.6950e+01 5.9423e-01 3.6490e-01 9.3750e+01 
1.0000e+00 6.2781e-15 3.3054e-15 2.6315e+01 5.9320e-01 3.5939e-01 9.5000e+01 
1.0356e+00 6.1503e-15 3.2456e-15 2.5779e+01 5.9197e-01 3.5712e-01 9.3000e+01 
1.0724e+00 6.0251e-15 3.1868e-15 2.5255e+01 5.9074e-01 3.5486e-01 9.1000e+01 
1.1105e+00 5.9024e-15 3.1291e-15 2.4741e+01 5.8951e-01 3.5259e-01 8.9000e+01 
1.1500e+00 5.7822e-15 3.0725e-15 2.4237e+01 5.8828e-01 3.5033e-01 8.7000e+01 
1.2227e+00 5.5786e-15 2.9754e-15 2.3383e+01 5.8620e-01 3.4890e-01 8.7000e+01 
1.3000e+00 5.3822e-15 2.8813e-15 2.2560e+01 5.8411e-01 3.4747e-01 8.7000e+01 
1.3902e+00 5.1755e-15 2.7774e-15 2.1694e+01 5.8205e-01 3.4847e-01 8.8000e+01 
1.4866e+00 4.9767e-15 2.6773e-15 2.0860e+01 5.7998e-01 3.4947e-01 8.9000e+01 
1.5897e+00 4.7855e-15 2.5808e-15 2.0059e+01 5.7792e-01 3.5046e-01 9.0000e+01 
1.7000e+00 4.6017e-15 2.4878e-15 1.9289e+01 5.7586e-01 3.5146e-01 9.1000e+01 
1.7705e+00 4.4955e-15 2.4333e-15 1.8844e+01 5.7464e-01 3.4842e-01 9.2250e+01 
1.8439e+00 4.3918e-15 2.3799e-15 1.8409e+01 5.7343e-01 3.4537e-01 9.3500e+01 
1.9204e+00 4.2904e-15 2.3277e-15 1.7984e+01 5.7222e-01 3.4233e-01 9.4750e+01 
2.0000e+00 4.1914e-15 2.2767e-15 1.7569e+01 5.7100e-01 3.3929e-01 9.6000e+01 
2.0976e+00 4.0754e-15 2.2154e-15 1.7083e+01 5.6952e-01 3.4089e-01 9.4500e+01 
2.2000e+00 3.9626e-15 2.1557e-15 1.6610e+01 5.6805e-01 3.4249e-01 9.3000e+01 
2.3156e+00 3.8446e-15 2.0907e-15 1.6116e+01 5.6654e-01 3.4391e-01 9.2500e+01 
2.4372e+00 3.7302e-15 2.0277e-15 1.5636e+01 5.6502e-01 3.4532e-01 9.2000e+01 
2.5652e+00 3.6191e-15 1.9666e-15 1.5171e+01 5.6351e-01 3.4674e-01 9.1500e+01 
2.7000e+00 3.5114e-15 1.9073e-15 1.4719e+01 5.6199e-01 3.4815e-01 9.1000e+01 
2.8460e+00 3.4040e-15 1.8473e-15 1.4269e+01 5.6024e-01 3.4893e-01 9.1000e+01 
3.0000e+00 3.2998e-15 1.7892e-15 1.3832e+01 5.5850e-01 3.4971e-01 9.1000e+01 
3.1179e+00 3.2252e-15 1.7475e-15 1.3519e+01 5.5737e-01 3.4922e-01 9.1750e+01 
3.2404e+00 3.1522e-15 1.7067e-15 1.3213e+01 5.5624e-01 3.4874e-01 9.2500e+01 
3.3677e+00 3.0809e-15 1.6669e-15 1.2914e+01 5.5511e-01 3.4825e-01 9.3250e+01 
3.5000e+00 3.0112e-15 1.6280e-15 1.2622e+01 5.5398e-01 3.4776e-01 9.4000e+01 
3.7417e+00 2.8899e-15 1.5598e-15 1.2113e+01 5.5173e-01 3.4862e-01 9.5000e+01 
4.0000e+00 2.7735e-15 1.4944e-15 1.1625e+01 5.4947e-01 3.4948e-01 9.6000e+01 
4.2426e+00 2.6720e-15 1.4366e-15 1.1200e+01 5.4787e-01 3.5224e-01 9.2000e+01 
4.5000e+00 2.5742e-15 1.3810e-15 1.0790e+01 5.4627e-01 3.5500e-01 8.8000e+01 
4.7434e+00 2.4859e-15 1.3300e-15 1.0420e+01 5.4509e-01 3.5860e-01 9.1500e+01 
5.0000e+00 2.4007e-15 1.2809e-15 1.0063e+01 5.4392e-01 3.6220e-01 9.5000e+01 
5.2440e+00 2.3235e-15 1.2328e-15 9.7392e+00 5.4403e-01 3.6796e-01 9.4500e+01 
5.5000e+00 2.2488e-15 1.1866e-15 9.4259e+00 5.4414e-01 3.7371e-01 9.4000e+01 
5.7446e+00 2.1822e-15 1.1405e-15 9.1470e+00 5.4483e-01 3.8226e-01 9.3000e+01 
6.0000e+00 2.1176e-15 1.0962e-15 8.8763e+00 5.4552e-01 3.9081e-01 9.2000e+01 
6.2450e+00 2.0576e-15 1.0555e-15 8.6246e+00 5.4331e-01 3.9904e-01 9.1000e+01 
6.5000e+00 1.9993e-15 1.0163e-15 8.3801e+00 5.4110e-01 4.0728e-01 9.0000e+01 
6.7454e+00 1.9350e-15 9.7349e-16 8.1107e+00 5.3939e-01 4.1414e-01 8.9000e+01 
7.0000e+00 1.8728e-15 9.3249e-16 7.8500e+00 5.3768e-01 4.2100e-01 8.8000e+01 
7.5000e+00 1.7394e-15 8.1708e-16 7.2911e+00 5.2077e-01 4.3303e-01 8.5000e+01 
8.0000e+00 1.7104e-15 6.9687e-16 7.1692e+00 4.7683e-01 4.3145e-01 8.5000e+01 
8.5000e+00 1.8744e-15 7.0554e-16 7.8570e+00 4.7362e-01 4.4762e-01 8.2000e+01 
9.0000e+00 2.0458e-15 7.2972e-16 8.5754e+00 4.6853e-01 4.6871e-01 8.1000e+01 
9.4000e+00 2.1868e-15 7.5861e-16 9.1660e+00 4.6135e-01 4.8561e-01 8.1000e+01 
9.5500e+00 2.1982e-15 7.6430e-16 9.2139e+00 4.5926e-01 4.8779e-01 8.2000e+01 
9.7000e+00 2.1876e-15 7.6619e-16 9.1698e+00 4.5746e-01 4.8691e-01 8.2000e+01 
9.8500e+00 2.1695e-15 7.6599e-16 9.0935e+00 4.5586e-01 4.8584e-01 8.3000e+01 
1.0000e+01 2.1499e-15 7.6473e-16 9.0114e+00 4.5456e-01 4.8439e-01 8.1000e+01 
1.0500e+01 2.0802e-15 7.6412e-16 8.7193e+00 4.4912e-01 4.8114e-01 8.1000e+01 
1.1000e+01 1.9662e-15 7.5002e-16 8.2414e+00 4.4736e-01 4.7231e-01 8.4000e+01 
1.1300e+01 1.9074e-15 7.4118e-16 7.9951e+00 4.4563e-01 4.6656e-01 8.5000e+01 
1.1600e+01 1.8517e-15 7.3184e-16 7.7617e+00 4.4391e-01 4.6050e-01 8.3000e+01 
1.2000e+01 1.7818e-15 7.1957e-16 7.4688e+00 4.4280e-01 4.5361e-01 8.3000e+01 
1.2500e+01 1.6977e-15 7.0154e-16 7.1162e+00 4.4325e-01 4.4330e-01 8.5000e+01 
1.3000e+01 1.6221e-15 6.8450e-16 6.7992e+00 4.4458e-01 4.3485e-01 8.7000e+01 
1.3500e+01 1.5491e-15 6.6678e-16 6.4932e+00 4.4408e-01 4.2510e-01 8.4000e+01 
1.4000e+01 1.4832e-15 6.4262e-16 6.2171e+00 4.4746e-01 4.2246e-01 8.6000e+01 
1.4500e+01 1.4375e-15 6.1483e-16 6.0253e+00 4.4719e-01 4.2612e-01 8.7000e+01 
1.5000e+01 1.4124e-15 5.9002e-16 5.9203e+00 4.4506e-01 4.3346e-01 8.4000e+01 
1.6000e+01 1.3904e-15 5.5444e-16 5.8282e+00 4.3723e-01 4.4418e-01 8.5000e+01 
1.7000e+01 1.3912e-15 5.3571e-16 5.8315e+00 4.2747e-01 4.5361e-01 8.3000e+01 
1.8000e+01 1.3908e-15 5.2785e-16 5.8295e+00 4.1751e-01 4.5844e-01 8.1000e+01 
1.9000e+01 1.3701e-15 5.2299e-16 5.7429e+00 4.0859e-01 4.6006e-01 8.2000e+01 
2.0000e+01 1.3273e-15 5.1563e-16 5.5634e+00 4.0237e-01 4.5643e-01 8.3000e+01 
2.0976e+01 1.2792e-15 5.0440e-16 5.3618e+00 3.9706e-01 4.5308e-01 8.3500e+01 
2.2000e+01 1.2328e-15 4.9342e-16 5.1675e+00 3.9175e-01 4.4972e-01 8.4000e+01 
2.3000e+01 1.1888e-15 4.8195e-16 4.9832e+00 3.8743e-01 4.4567e-01 8.2000e+01 
2.4000e+01 1.1495e-15 4.7062e-16 4.8184e+00 3.8299e-01 4.4310e-01 8.3000e+01 
2.5000e+01 1.1128e-15 4.5978e-16 4.6642e+00 3.7896e-01 4.3936e-01 8.4000e+01 
2.6000e+01 1.0777e-15 4.4893e-16 4.5175e+00 3.7550e-01 4.3623e-01 8.2000e+01 
2.7000e+01 1.0451e-15 4.3869e-16 4.3807e+00 3.7196e-01 4.3406e-01 8.3000e+01 
2.8000e+01 1.0147e-15 4.2878e-16 4.2531e+00 3.6873e-01 4.3088e-01 8.4000e+01 
3.0000e+01 9.5961e-16 4.1052e-16 4.0223e+00 3.6228e-01 4.2637e-01 8.3000e+01 
3.1179e+01 9.3001e-16 3.9991e-16 3.8983e+00 3.5922e-01 4.2392e-01 8.3250e+01 
3.2404e+01 9.0132e-16 3.8957e-16 3.7780e+00 3.5616e-01 4.2148e-01 8.3500e+01 
3.3677e+01 8.7352e-16 3.7949e-16 3.6615e+00 3.5311e-01 4.1903e-01 8.3750e+01 
3.5000e+01 8.4658e-16 3.6968e-16 3.5486e+00 3.5005e-01 4.1659e-01 8.4000e+01 
3.7417e+01 8.0193e-16 3.5277e-16 3.3614e+00 3.4461e-01 4.1305e-01 8.4500e+01 
4.0000e+01 7.5963e-16 3.3664e-16 3.1841e+00 3.3918e-01 4.0951e-01 8.5000e+01 
4.2426e+01 7.2366e-16 3.2266e-16 3.0333e+00 3.3459e-01 4.0673e-01 8.5000e+01 
4.5000e+01 6.8940e-16 3.0926e-16 2.8897e+00 3.3001e-01 4.0396e-01 8.5000e+01 
4.7434e+01 6.5963e-16 2.9747e-16 2.7649e+00 3.2585e-01 4.0151e-01 8.5000e+01 
5.0000e+01 6.3114e-16 2.8612e-16 2.6455e+00 3.2169e-01 3.9906e-01 8.5000e+01 
5.2440e+01 6.0622e-16 2.7604e-16 2.5410e+00 3.1808e-01 3.9708e-01 8.5000e+01 
5.5000e+01 5.8228e-16 2.6631e-16 2.4407e+00 3.1447e-01 3.9510e-01 8.5000e+01 
5.7446e+01 5.6100e-16 2.5759e-16 2.3515e+00 3.1115e-01 3.9304e-01 8.5000e+01 
6.0000e+01 5.4049e-16 2.4915e-16 2.2655e+00 3.0783e-01 3.9099e-01 8.5000e+01 
6.2450e+01 5.2208e-16 2.4153e-16 2.1883e+00 3.0475e-01 3.8922e-01 8.5500e+01 
6.5000e+01 5.0430e-16 2.3415e-16 2.1138e+00 3.0168e-01 3.8745e-01 8.6000e+01 
6.7454e+01 4.8823e-16 2.2744e-16 2.0464e+00 2.9884e-01 3.8620e-01 8.6000e+01 
7.0000e+01 4.7267e-16 2.2093e-16 1.9812e+00 2.9601e-01 3.8494e-01 8.6000e+01 
7.5000e+01 4.4464e-16 2.0918e-16 1.8638e+00 2.9045e-01 3.8145e-01 8.6000e+01 
8.0000e+01 4.1967e-16 1.9862e-16 1.7591e+00 2.8508e-01 3.7866e-01 8.6000e+01 
8.5000e+01 3.9731e-16 1.8909e-16 1.6654e+00 2.8007e-01 3.7557e-01 8.6000e+01 
9.0000e+01 3.7730e-16 1.8040e-16 1.5815e+00 2.7581e-01 3.7343e-01 8.7000e+01 
9.5000e+01 3.5920e-16 1.7239e-16 1.5056e+00 2.7180e-01 3.7071e-01 8.6000e+01 
1.0000e+02 3.4260e-16 1.6519e-16 1.4360e+00 2.6769e-01 3.6879e-01 8.6000e+01 
1.0500e+02 3.2736e-16 1.5856e-16 1.3721e+00 2.6357e-01 3.6616e-01 8.6000e+01 
1.1000e+02 3.1350e-16 1.5237e-16 1.3141e+00 2.5999e-01 3.6431e-01 8.6000e+01 
1.1489e+02 3.0083e-16 1.4677e-16 1.2610e+00 2.5638e-01 3.6220e-01 8.6000e+01 
1.2000e+02 2.8868e-16 1.4138e-16 1.2100e+00 2.5278e-01 3.6008e-01 8.6000e+01 
1.2490e+02 2.7779e-16 1.3654e-16 1.1644e+00 2.4946e-01 3.5816e-01 8.6500e+01 
1.3000e+02 2.6732e-16 1.3186e-16 1.1205e+00 2.4614e-01 3.5623e-01 8.7000e+01 
1.3491e+02 2.5789e-16 1.2760e-16 1.0810e+00 2.4302e-01 3.5448e-01 8.7000e+01 
1.4000e+02 2.4879e-16 1.2347e-16 1.0428e+00 2.3991e-01 3.5274e-01 8.7000e+01 
1.5000e+02 2.3235e-16 1.1604e-16 9.7391e-01 2.3398e-01 3.4942e-01 8.7000e+01 
1.5549e+02 2.2402e-16 1.1222e-16 9.3899e-01 2.3087e-01 3.4747e-01 8.7000e+01 
1.6119e+02 2.1599e-16 1.0852e-16 9.0532e-01 2.2775e-01 3.4551e-01 8.7000e+01 
1.6709e+02 2.0824e-16 1.0495e-16 8.7286e-01 2.2464e-01 3.4355e-01 8.7000e+01 
1.7321e+02 2.0077e-16 1.0149e-16 8.4156e-01 2.2153e-01 3.4160e-01 8.7000e+01 
1.7955e+02 1.9358e-16 9.8150e-17 8.1139e-01 2.1842e-01 3.3965e-01 8.7000e+01 
1.8612e+02 1.8663e-16 9.4917e-17 7.8229e-01 2.1530e-01 3.3769e-01 8.7000e+01 
1.9294e+02 1.7994e-16 9.1791e-17 7.5424e-01 2.1219e-01 3.3574e-01 8.7000e+01 
2.0000e+02 1.7349e-16 8.8768e-17 7.2720e-01 2.0908e-01 3.3378e-01 8.7000e+01 
2.1147e+02 1.6349e-16 8.3993e-17 6.8530e-01 2.0430e-01 3.3099e-01 8.6750e+01 
2.2361e+02 1.5407e-16 7.9474e-17 6.4582e-01 1.9953e-01 3.2820e-01 8.6500e+01 
2.3644e+02 1.4520e-16 7.5198e-17 6.0861e-01 1.9475e-01 3.2541e-01 8.6250e+01 
2.5000e+02 1.3683e-16 7.1153e-17 5.7355e-01 1.8997e-01 3.2262e-01 8.6000e+01 
2.6166e+02 1.2993e-16 6.7780e-17 5.4462e-01 1.8600e-01 3.2140e-01 8.6000e+01 
2.7386e+02 1.2337e-16 6.4568e-17 5.1714e-01 1.8203e-01 3.2019e-01 8.6000e+01 
2.8663e+02 1.1715e-16 6.1507e-17 4.9105e-01 1.7806e-01 3.1898e-01 8.6000e+01 
3.0000e+02 1.1124e-16 5.8592e-17 4.6628e-01 1.7409e-01 3.1776e-01 8.6000e+01 
3.1098e+02 1.0676e-16 5.6307e-17 4.4749e-01 1.7128e-01 3.1537e-01 8.5875e+01 
3.2237e+02 1.0245e-16 5.4110e-17 4.2945e-01 1.6848e-01 3.1298e-01 8.5750e+01 
3.3417e+02 9.8324e-17 5.2000e-17 4.1214e-01 1.6567e-01 3.1059e-01 8.5625e+01 
3.4641e+02 9.4360e-17 4.9971e-17 3.9553e-01 1.6286e-01 3.0821e-01 8.5500e+01 
3.5909e+02 9.0557e-17 4.8022e-17 3.7958e-01 1.6006e-01 3.0582e-01 8.5375e+01 
3.7224e+02 8.6907e-17 4.6149e-17 3.6428e-01 1.5725e-01 3.0343e-01 8.5250e+01 
3.8587e+02 8.3404e-17 4.4349e-17 3.4960e-01 1.5445e-01 3.0104e-01 8.5125e+01 
4.0000e+02 8.0042e-17 4.2619e-17 3.3551e-01 1.5164e-01 2.9865e-01 8.5000e+01 
4.2295e+02 7.4706e-17 3.9839e-17 3.1314e-01 1.4703e-01 2.9719e-01 8.5000e+01 
4.4721e+02 6.9726e-17 3.7241e-17 2.9227e-01 1.4242e-01 2.9572e-01 8.5000e+01 
4.7287e+02 6.5078e-17 3.4812e-17 2.7278e-01 1.3781e-01 2.9425e-01 8.5000e+01 
5.0000e+02 6.0740e-17 3.2542e-17 2.5460e-01 1.3320e-01 2.9279e-01 8.5000e+01 
5.2148e+02 5.7463e-17 3.0750e-17 2.4086e-01 1.2992e-01 2.9260e-01 8.5000e+01 
5.4388e+02 5.4363e-17 2.9057e-17 2.2787e-01 1.2664e-01 2.9241e-01 8.5000e+01 
5.6724e+02 5.1430e-17 2.7457e-17 2.1558e-01 1.2336e-01 2.9222e-01 8.5000e+01 
5.9161e+02 4.8656e-17 2.5945e-17 2.0395e-01 1.2008e-01 2.9203e-01 8.5000e+01 
6.1702e+02 4.6031e-17 2.4517e-17 1.9294e-01 1.1681e-01 2.9185e-01 8.5000e+01 
6.4353e+02 4.3548e-17 2.3167e-17 1.8253e-01 1.1353e-01 2.9166e-01 8.5000e+01 
6.7117e+02 4.1199e-17 2.1891e-17 1.7269e-01 1.1025e-01 2.9147e-01 8.5000e+01 
7.0000e+02 3.8976e-17 2.0686e-17 1.6337e-01 1.0697e-01 2.9128e-01 8.5000e+01 
7.3192e+02 3.6575e-17 1.9329e-17 1.5331e-01 1.0411e-01 2.9044e-01 8.4750e+01 
7.6529e+02 3.4323e-17 1.8062e-17 1.4387e-01 1.0126e-01 2.8961e-01 8.4500e+01 
8.0018e+02 3.2209e-17 1.6877e-17 1.3501e-01 9.8405e-02 2.8877e-01 8.4250e+01 
8.3666e+02 3.0225e-17 1.5770e-17 1.2669e-01 9.5550e-02 2.8793e-01 8.4000e+01 
8.7481e+02 2.8364e-17 1.4736e-17 1.1889e-01 9.2695e-02 2.8710e-01 8.3750e+01 
9.1469e+02 2.6617e-17 1.3770e-17 1.1157e-01 8.9840e-02 2.8626e-01 8.3500e+01 
9.5639e+02 2.4977e-17 1.2867e-17 1.0469e-01 8.6985e-02 2.8543e-01 8.3250e+01 
1.0000e+03 2.3439e-17 1.2023e-17 9.8247e-02 8.4130e-02 2.8459e-01 8.3000e+01 
1.0576e+03 2.3439e-17 1.2023e-17 9.1414e-02 8.4130e-02 2.8459e-01 8.3000e+01 
1.1185e+03 2.3439e-17 1.2023e-17 8.5056e-02 8.4130e-02 2.8459e-01 8.3000e+01 
1.1829e+03 2.3439e-17 1.2023e-17 7.9140e-02 8.4130e-02 2.8459e-01 8.3000e+01 
1.2510e+03 2.3439e-17 1.2023e-17 7.3636e-02 8.4130e-02 2.8459e-01 8.3000e+01 
1.3231e+03 2.3439e-17 1.2023e-17 6.8514e-02 8.4130e-02 2.8459e-01 8.3000e+01 
1.3993e+03 2.3439e-17 1.2023e-17 6.3749e-02 8.4130e-02 2.8459e-01 8.3000e+01 
1.4799e+03 2.3439e-17 1.2023e-17 5.9315e-02 8.4130e-02 2.8459e-01 8.3000e+01 
1.5651e+03 2.3439e-17 1.2023e-17 5.5189e-02 8.4130e-02 2.8459e-01 8.3000e+01 
1.6552e+03 2.3439e-17 1.2023e-17 5.1351e-02 8.4130e-02 2.8459e-01 8.3000e+01 
1.7505e+03 2.3439e-17 1.2023e-17 4.7779e-02 8.4130e-02 2.8459e-01 8.3000e+01 
1.8514e+03 2.3439e-17 1.2023e-17 4.4456e-02 8.4130e-02 2.8459e-01 8.3000e+01 
1.9580e+03 2.3439e-17 1.2023e-17 4.1364e-02 8.4130e-02 2.8459e-01 8.3000e+01 
2.0707e+03 2.3439e-17 1.2023e-17 3.8487e-02 8.4130e-02 2.8459e-01 8.3000e+01 
2.1900e+03 2.3439e-17 1.2023e-17 3.5810e-02 8.4130e-02 2.8459e-01 8.3000e+01 
2.3161e+03 2.3439e-17 1.2023e-17 3.3320e-02 8.4130e-02 2.8459e-01 8.3000e+01 
2.4495e+03 2.3439e-17 1.2023e-17 3.1002e-02 8.4130e-02 2.8459e-01 8.3000e+01 
2.5906e+03 2.3439e-17 1.2023e-17 2.8846e-02 8.4130e-02 2.8459e-01 8.3000e+01 
2.7397e+03 2.3439e-17 1.2023e-17 2.6840e-02 8.4130e-02 2.8459e-01 8.3000e+01 
2.8975e+03 2.3439e-17 1.2023e-17 2.4973e-02 8.4130e-02 2.8459e-01 8.3000e+01 
3.0644e+03 2.3439e-17 1.2023e-17 2.3236e-02 8.4130e-02 2.8459e-01 8.3000e+01 
3.2409e+03 2.3439e-17 1.2023e-17 2.1620e-02 8.4130e-02 2.8459e-01 8.3000e+01 
3.4275e+03 2.3439e-17 1.2023e-17 2.0116e-02 8.4130e-02 2.8459e-01 8.3000e+01 
3.6249e+03 2.3439e-17 1.2023e-17 1.8717e-02 8.4130e-02 2.8459e-01 8.3000e+01 
3.8337e+03 2.3439e-17 1.2023e-17 1.7415e-02 8.4130e-02 2.8459e-01 8.3000e+01 
4.0544e+03 2.3439e-17 1.2023e-17 1.6204e-02 8.4130e-02 2.8459e-01 8.3000e+01 
4.2879e+03 2.3439e-17 1.2023e-17 1.5077e-02 8.4130e-02 2.8459e-01 8.3000e+01 
4.5349e+03 2.3439e-17 1.2023e-17 1.4028e-02 8.4130e-02 2.8459e-01 8.3000e+01 
4.7960e+03 2.3439e-17 1.2023e-17 1.3053e-02 8.4130e-02 2.8459e-01 8.3000e+01 
5.0722e+03 2.3439e-17 1.2023e-17 1.2145e-02 8.4130e-02 2.8459e-01 8.3000e+01 
5.3643e+03 2.3439e-17 1.2023e-17 1.1300e-02 8.4130e-02 2.8459e-01 8.3000e+01 
5.6733e+03 2.3439e-17 1.2023e-17 1.0514e-02 8.4130e-02 2.8459e-01 8.3000e+01 
6.0000e+03 2.3439e-17 1.2023e-17 9.7828e-03 8.4130e-02 2.8459e-01 8.3000e+01 
6.3455e+03 2.3439e-17 1.2023e-17 9.1024e-03 8.4130e-02 2.8459e-01 8.3000e+01 
6.7110e+03 2.3439e-17 1.2023e-17 8.4693e-03 8.4130e-02 2.8459e-01 8.3000e+01 
7.0975e+03 2.3439e-17 1.2023e-17 7.8802e-03 8.4130e-02 2.8459e-01 8.3000e+01 
7.5062e+03 2.3439e-17 1.2023e-17 7.3322e-03 8.4130e-02 2.8459e-01 8.3000e+01 
7.9385e+03 2.3439e-17 1.2023e-17 6.8222e-03 8.4130e-02 2.8459e-01 8.3000e+01 
8.3957e+03 2.3439e-17 1.2023e-17 6.3477e-03 8.4130e-02 2.8459e-01 8.3000e+01 
8.8792e+03 2.3439e-17 1.2023e-17 5.9062e-03 8.4130e-02 2.8459e-01 8.3000e+01 
9.3905e+03 2.3439e-17 1.2023e-17 5.4954e-03 8.4130e-02 2.8459e-01 8.3000e+01 
9.9313e+03 2.3439e-17 1.2023e-17 5.1132e-03 8.4130e-02 2.8459e-01 8.3000e+01 
1.0503e+04 2.3439e-17 1.2023e-17 4.7576e-03 8.4130e-02 2.8459e-01 8.3000e+01 
1.1108e+04 2.3439e-17 1.2023e-17 4.4267e-03 8.4130e-02 2.8459e-01 8.3000e+01 
1.1748e+04 2.3439e-17 1.2023e-17 4.1188e-03 8.4130e-02 2.8459e-01 8.3000e+01 
1.2424e+04 2.3439e-17 1.2023e-17 3.8323e-03 8.4130e-02 2.8459e-01 8.3000e+01 
1.3140e+04 2.3439e-17 1.2023e-17 3.5658e-03 8.4130e-02 2.8459e-01 8.3000e+01 
1.3897e+04 2.3439e-17 1.2023e-17 3.3178e-03 8.4130e-02 2.8459e-01 8.3000e+01 
1.4697e+04 2.3439e-17 1.2023e-17 3.0870e-03 8.4130e-02 2.8459e-01 8.3000e+01 
1.5543e+04 2.3439e-17 1.2023e-17 2.8723e-03 8.4130e-02 2.8459e-01 8.3000e+01 
1.6438e+04 2.3439e-17 1.2023e-17 2.6725e-03 8.4130e-02 2.8459e-01 8.3000e+01 
1.7385e+04 2.3439e-17 1.2023e-17 2.4866e-03 8.4130e-02 2.8459e-01 8.3000e+01 
1.8386e+04 2.3439e-17 1.2023e-17 2.3137e-03 8.4130e-02 2.8459e-01 8.3000e+01 
1.9445e+04 2.3439e-17 1.2023e-17 2.1528e-03 8.4130e-02 2.8459e-01 8.3000e+01 
2.0565e+04 2.3439e-17 1.2023e-17 2.0030e-03 8.4130e-02 2.8459e-01 8.3000e+01 
2.1749e+04 2.3439e-17 1.2023e-17 1.8637e-03 8.4130e-02 2.8459e-01 8.3000e+01 
2.3002e+04 2.3439e-17 1.2023e-17 1.7341e-03 8.4130e-02 2.8459e-01 8.3000e+01 
2.4327e+04 2.3439e-17 1.2023e-17 1.6135e-03 8.4130e-02 2.8459e-01 8.3000e+01 
2.5728e+04 2.3439e-17 1.2023e-17 1.5013e-03 8.4130e-02 2.8459e-01 8.3000e+01 
2.7209e+04 2.3439e-17 1.2023e-17 1.3968e-03 8.4130e-02 2.8459e-01 8.3000e+01 
2.8776e+04 2.3439e-17 1.2023e-17 1.2997e-03 8.4130e-02 2.8459e-01 8.3000e+01 
3.0433e+04 2.3439e-17 1.2023e-17 1.2093e-03 8.4130e-02 2.8459e-01 8.3000e+01 
3.2186e+04 2.3439e-17 1.2023e-17 1.1252e-03 8.4130e-02 2.8459e-01 8.3000e+01 
3.4040e+04 2.3439e-17 1.2023e-17 1.0469e-03 8.4130e-02 2.8459e-01 8.3000e+01 
3.6000e+04 2.3439e-17 1.2023e-17 9.7411e-04 8.4130e-02 2.8459e-01 8.3000e+01 
