    0.0100000  4.35330e-15  2.32070e-15      18.2470     0.996780     0.994430
    0.0200000  5.37490e-15  2.74320e-15      22.5290     0.985930     0.979770
    0.0300000  6.27750e-15  3.00580e-15      26.3130     0.963770     0.949780
    0.0400000  6.95140e-15  3.09270e-15      29.1380     0.935490     0.935000
    0.0500000  6.90380e-15  2.98620e-15      28.9380     0.906360     0.906390
    0.0600000  8.18040e-15  3.78750e-15      34.2890     0.818900     0.809320
    0.0800000  9.87200e-15  4.03160e-15      41.3800     0.762010     0.787140
     0.100000  1.00960e-14  4.00150e-15      42.3180     0.733920     0.725050
     0.120000  9.74380e-15  3.82760e-15      40.8420     0.731710     0.665990
     0.150000  9.10280e-15  3.75870e-15      38.1550     0.713300     0.520680
     0.200000  7.74740e-15  3.98780e-15      32.4740     0.669340     0.238800
     0.250000  7.70730e-15  3.83900e-15      32.3060     0.660930     0.326450
     0.300000  7.58360e-15  3.64200e-15      31.7880     0.651900     0.376360
     0.360000  7.15020e-15  3.41860e-15      29.9710     0.642720     0.381110
     0.440000  6.53800e-15  3.16300e-15      27.4050     0.631100     0.402380
     0.550000  5.79320e-15  2.88450e-15      24.2830     0.618410     0.398430
     0.700000  5.02510e-15  2.58190e-15      21.0630     0.608230     0.378470
     0.850000  4.46210e-15  2.34200e-15      18.7030     0.600770     0.376160
      1.00000  4.05490e-15  2.15830e-15      16.9960     0.597150     0.354520
      1.15000  3.73360e-15  2.00520e-15      15.6500     0.592690     0.345850
      1.30000  3.47490e-15  1.87990e-15      14.5650     0.588960     0.342890
      1.70000  2.97090e-15  1.62260e-15      12.4530     0.581770     0.348040
      2.00000  2.70670e-15  1.48520e-15      11.3460     0.577630     0.335860
      2.20000  2.55950e-15  1.40650e-15      10.7280     0.575140     0.339290
      2.70000  2.26970e-15  1.24520e-15      9.51370     0.570150     0.345450
      3.00000  2.13400e-15  1.16880e-15      8.94510     0.567290     0.347120
      3.50000  1.94930e-15  1.06460e-15      8.17080     0.563790     0.345020
      4.00000  1.79730e-15  9.78290e-16      7.53350     0.560260     0.346810
      4.50000  1.66990e-15  9.05160e-16      6.99970     0.558020     0.352560
      5.00000  1.55910e-15  8.40530e-16      6.53540     0.556670     0.360000
      5.50000  1.46210e-15  7.79590e-16      6.12840     0.557890     0.371830
      6.00000  1.37820e-15  7.21090e-16      5.77700     0.560340     0.389440
      6.50000  1.30230e-15  6.69140e-16      5.45870     0.557290     0.406460
      7.00000  1.22070e-15  6.14440e-16      5.11690     0.555470     0.420870
      7.50000  1.13400e-15  5.37880e-16      4.75340     0.541150     0.434010
      8.00000  1.11680e-15  4.56970e-16      4.68140     0.499030     0.432320
      8.50000  1.23160e-15  4.64590e-16      5.16230     0.495710     0.450710
      9.00000  1.35130e-15  4.82810e-16      5.66420     0.489860     0.473700
      9.40000  1.44950e-15  5.03730e-16      6.07560     0.481600     0.491230
      9.55000  1.45790e-15  5.08000e-16      6.11110     0.479260     0.493180
      9.70000  1.45150e-15  5.09660e-16      6.08420     0.477350     0.492140
      9.85000  1.43980e-15  5.09880e-16      6.03510     0.475700     0.490690
      10.0000  1.42720e-15  5.09390e-16      5.98220     0.474370     0.489740
      10.5000  1.38190e-15  5.10160e-16      5.79240     0.468670     0.485940
      11.0000  1.30630e-15  5.01560e-16      5.47560     0.467170     0.475800
      11.3000  1.26750e-15  4.96090e-16      5.31280     0.465690     0.469320
      11.6000  1.23080e-15  4.90250e-16      5.15900     0.464250     0.463460
      12.0000  1.18480e-15  4.82590e-16      4.96620     0.463480     0.456040
      12.5000  1.12950e-15  4.71130e-16      4.73430     0.464450     0.444930
      13.0000  1.07970e-15  4.60250e-16      4.52570     0.466330     0.435340
      13.5000  1.03190e-15  4.48860e-16      4.32530     0.466620     0.425720
      14.0000  9.88840e-16  4.33130e-16      4.14480     0.470850     0.422680
      14.5000  9.59350e-16  4.14910e-16      4.02120     0.471700     0.426180
      15.0000  9.43730e-16  3.98720e-16      3.95580     0.470510     0.434490
      16.0000  9.31320e-16  3.75800e-16      3.90370     0.464040     0.445120
      17.0000  9.34130e-16  3.64310e-16      3.91550     0.454940     0.455540
      18.0000  9.35940e-16  3.60190e-16      3.92310     0.445120     0.460330
      19.0000  9.23920e-16  3.58060e-16      3.87270     0.436160     0.461450
      20.0000  8.96640e-16  3.54080e-16      3.75840     0.429990     0.457000
      22.0000  8.35780e-16  3.40670e-16      3.50330     0.420200     0.448910
      23.0000  8.07390e-16  3.33610e-16      3.38430     0.416350     0.444780
      24.0000  7.82100e-16  3.26610e-16      3.27820     0.412410     0.441700
      25.0000  7.58420e-16  3.19900e-16      3.17900     0.408860     0.436870
      26.0000  7.35870e-16  3.13130e-16      3.08450     0.405910     0.434020
      27.0000  7.14860e-16  3.06730e-16      2.99640     0.402880     0.431260
      28.0000  6.95270e-16  3.00530e-16      2.91430     0.400140     0.427230
      30.0000  6.59870e-16  2.89110e-16      2.76590     0.394660     0.422580
      35.0000  5.87240e-16  2.63360e-16      2.46150     0.384740     0.410760
      40.0000  5.31420e-16  2.42470e-16      2.22750     0.375990     0.401800
      45.0000  4.86290e-16  2.25100e-16      2.03830     0.368750     0.394790
      50.0000  4.48820e-16  2.10360e-16      1.88130     0.362230     0.388830
      55.0000  4.17370e-16  1.97700e-16      1.74950     0.356670     0.383850
      60.0000  3.90440e-16  1.86700e-16      1.63660     0.351590     0.378580
      65.0000  3.67080e-16  1.77050e-16      1.53860     0.346900     0.372980
      70.0000  3.46630e-16  1.68520e-16      1.45290     0.342600     0.370210
      75.0000  3.28470e-16  1.60930e-16      1.37680     0.338330     0.365470
      80.0000  3.12260e-16  1.54090e-16      1.30890     0.334200     0.361670
      85.0000  2.97710e-16  1.47890e-16      1.24790     0.330350     0.357810
      90.0000  2.84680e-16  1.42220e-16      1.19330     0.327160     0.354580
      95.0000  2.72850e-16  1.36970e-16      1.14370     0.324170     0.351100
      100.000  2.61990e-16  1.32250e-16      1.09810     0.321020     0.348530
      105.000  2.51980e-16  1.27890e-16      1.05620     0.317830     0.344550
      110.000  2.42860e-16  1.23810e-16      1.01800     0.315110     0.342630
      120.000  2.26470e-16  1.16530e-16     0.949260     0.309530     0.336600
      130.000  2.12290e-16  1.10200e-16     0.889840     0.304350     0.330860
      140.000  1.99920e-16  1.04590e-16     0.838010     0.299490     0.326880
      150.000  1.88880e-16  9.95900e-17     0.791730     0.294790     0.321830
      200.000  1.48800e-16  8.09800e-17     0.623710     0.274750     0.300840
      250.000  1.23160e-16  6.86350e-17     0.516260     0.259030     0.285000
      300.000  1.04660e-16  5.95630e-17     0.438680     0.245440     0.275440
      400.000  8.14740e-17  4.76280e-17     0.341510     0.225640     0.248500
      500.000  6.63810e-17  3.97120e-17     0.278240     0.208960     0.235420
      700.000  4.81620e-17  2.96160e-17     0.201880     0.184240     0.221870
      1000.00  3.35610e-17  2.11490e-17     0.140680     0.158390     0.203950
      4000.00  6.42790e-19  5.22430e-24    0.0266539  0.000508980      1.00000
      13000.0  6.42790e-19  5.22430e-24   0.00647889  0.000508980      1.00000
      20000.0  6.42790e-19  5.22430e-24   0.00386364  0.000508980      1.00000
      36000.0  6.42790e-19  5.22430e-24   0.00190840  0.000508980      1.00000
