  1.0000e-02  8.9957e-15  6.3700e-15  4.6764e+01  9.9548e-01  7.7481e-01  9.7000e+01
  2.0000e-02  6.5414e-15  3.1112e-15  3.4006e+01  9.8976e-01  9.8670e-01  9.2000e+01
  3.0000e-02  7.6050e-15  3.4699e-15  3.9535e+01  9.7476e-01  9.5749e-01  9.2000e+01
  4.0000e-02  8.7584e-15  4.0660e-15  4.5531e+01  9.5646e-01  9.2637e-01  9.3000e+01
  5.0000e-02  8.7709e-15  4.1023e-15  4.5596e+01  9.3484e-01  8.5637e-01  9.2000e+01
  6.0000e-02  1.0066e-14  5.1181e-15  5.2327e+01  8.6706e-01  7.1081e-01  8.1000e+01
  8.0000e-02  1.1365e-14  5.2867e-15  5.9081e+01  8.3557e-01  7.4983e-01  7.0000e+01
  1.0000e-01  1.1865e-14  5.3689e-15  6.1679e+01  8.0261e-01  6.7423e-01  7.3000e+01
  1.2000e-01  1.2099e-14  5.3417e-15  6.2896e+01  7.7974e-01  6.0661e-01  7.9000e+01
  1.5000e-01  1.2124e-14  5.4271e-15  6.3030e+01  7.4062e-01  4.7666e-01  8.7000e+01
  2.0000e-01  1.0809e-14  5.9025e-15  5.6192e+01  6.7925e-01  2.3414e-01  8.0000e+01
  2.5000e-01  1.0719e-14  5.7632e-15  5.5725e+01  6.6610e-01  3.1487e-01  8.7000e+01
  3.0000e-01  1.0632e-14  5.4888e-15  5.5271e+01  6.5487e-01  3.8342e-01  8.5000e+01
  3.6000e-01  1.0193e-14  5.1607e-15  5.2988e+01  6.4358e-01  4.0750e-01  8.4000e+01
  4.4000e-01  9.5046e-15  4.8023e-15  4.9411e+01  6.3033e-01  4.1075e-01  9.0000e+01
  5.5000e-01  8.5695e-15  4.3944e-15  4.4549e+01  6.1634e-01  4.0466e-01  8.8000e+01
  7.0000e-01  7.5315e-15  3.9428e-15  3.9153e+01  6.0508e-01  3.8741e-01  8.6000e+01
  8.5000e-01  6.7444e-15  3.5858e-15  3.5061e+01  5.9750e-01  3.7512e-01  8.8000e+01
  1.0000e+00  6.1526e-15  3.3019e-15  3.1984e+01  5.9305e-01  3.6106e-01  9.0000e+01
  1.1500e+00  5.6875e-15  3.0712e-15  2.9567e+01  5.8843e-01  3.6150e-01  9.3000e+01
  1.3000e+00  5.3032e-15  2.8795e-15  2.7569e+01  5.8411e-01  3.5430e-01  9.4000e+01
  1.7000e+00  4.5529e-15  2.4920e-15  2.3669e+01  5.7604e-01  3.4038e-01  9.0000e+01
  2.0000e+00  4.1481e-15  2.2730e-15  2.1564e+01  5.7070e-01  3.4478e-01  9.5000e+01
  2.2000e+00  3.9275e-15  2.1539e-15  2.0417e+01  5.6781e-01  3.4470e-01  9.4000e+01
  2.7000e+00  3.4867e-15  1.9086e-15  1.8126e+01  5.6220e-01  3.4482e-01  9.3000e+01
  3.0000e+00  3.2781e-15  1.7907e-15  1.7041e+01  5.5882e-01  3.4657e-01  9.3000e+01
  3.1000e+00  3.2141e-15  1.7541e-15  1.6708e+01  5.5755e-01  3.4543e-01  9.0000e+01
  3.2000e+00  3.1568e-15  1.7220e-15  1.6411e+01  5.5642e-01  3.4349e-01  9.0000e+01
  3.3000e+00  3.0995e-15  1.6893e-15  1.6113e+01  5.5518e-01  3.4735e-01  9.2000e+01
  3.4000e+00  3.0419e-15  1.6564e-15  1.5813e+01  5.5443e-01  3.4952e-01  9.4000e+01
  3.5000e+00  2.9900e-15  1.6269e-15  1.5544e+01  5.5368e-01  3.4743e-01  8.9000e+01
  3.6000e+00  2.9406e-15  1.5989e-15  1.5287e+01  5.5282e-01  3.4787e-01  9.1000e+01
  3.7000e+00  2.8927e-15  1.5707e-15  1.5038e+01  5.5190e-01  3.5255e-01  9.3000e+01
  3.8000e+00  2.8450e-15  1.5438e-15  1.4790e+01  5.5070e-01  3.5230e-01  9.5000e+01
  3.9000e+00  2.7998e-15  1.5194e-15  1.4555e+01  5.4984e-01  3.5088e-01  8.9000e+01
  4.0000e+00  2.7565e-15  1.4944e-15  1.4330e+01  5.4951e-01  3.5177e-01  9.1000e+01
  4.1000e+00  2.7157e-15  1.4704e-15  1.4118e+01  5.4826e-01  3.5612e-01  9.3000e+01
  4.2000e+00  2.6715e-15  1.4459e-15  1.3888e+01  5.4795e-01  3.5598e-01  9.4000e+01
  4.3000e+00  2.6348e-15  1.4246e-15  1.3697e+01  5.4713e-01  3.5567e-01  8.9000e+01
  4.4000e+00  2.5956e-15  1.4032e-15  1.3494e+01  5.4671e-01  3.5564e-01  9.0000e+01
  4.5000e+00  2.5595e-15  1.3810e-15  1.3305e+01  5.4637e-01  3.5944e-01  9.2000e+01
  5.0000e+00  2.3877e-15  1.2807e-15  1.2412e+01  5.4394e-01  3.6717e-01  9.2000e+01
  5.5000e+00  2.2369e-15  1.1862e-15  1.1629e+01  5.4404e-01  3.7740e-01  9.2000e+01
  6.0000e+00  2.1065e-15  1.0959e-15  1.0951e+01  5.4539e-01  3.9264e-01  9.1000e+01
  6.5000e+00  1.9890e-15  1.0163e-15  1.0340e+01  5.4107e-01  4.0742e-01  8.9000e+01
  7.0000e+00  1.8631e-15  9.3256e-16  9.6855e+00  5.3772e-01  4.2058e-01  8.8000e+01
  7.5000e+00  1.7294e-15  8.1705e-16  8.9905e+00  5.2075e-01  4.3354e-01  8.8000e+01
  8.0000e+00  1.6976e-15  6.9687e-16  8.8250e+00  4.7683e-01  4.3160e-01  8.5000e+01
  8.5000e+00  1.8563e-15  7.0554e-16  9.6501e+00  4.7362e-01  4.4747e-01  8.3000e+01
  9.0000e+00  2.0219e-15  7.2972e-16  1.0511e+01  4.6854e-01  4.6885e-01  8.0000e+01
  9.4000e+00  2.1591e-15  7.5861e-16  1.1224e+01  4.6135e-01  4.8541e-01  8.1000e+01
  9.5500e+00  2.1707e-15  7.6429e-16  1.1285e+01  4.5926e-01  4.8754e-01  8.2000e+01
  9.7000e+00  2.1611e-15  7.6619e-16  1.1234e+01  4.5746e-01  4.8660e-01  8.2000e+01
  9.8500e+00  2.1438e-15  7.6598e-16  1.1145e+01  4.5586e-01  4.8554e-01  8.3000e+01
  1.0000e+01  2.1251e-15  7.6473e-16  1.1048e+01  4.5456e-01  4.8471e-01  8.0000e+01
  1.0500e+01  2.0586e-15  7.6412e-16  1.0702e+01  4.4911e-01  4.8120e-01  8.2000e+01
  1.1000e+01  1.9483e-15  7.5002e-16  1.0129e+01  4.4736e-01  4.7181e-01  8.4000e+01
  1.1100e+01  1.9297e-15  7.4715e-16  1.0032e+01  4.4685e-01  4.7030e-01  8.4000e+01
  1.1200e+01  1.9107e-15  7.4436e-16  9.9329e+00  4.4610e-01  4.6832e-01  8.4000e+01
  1.1300e+01  1.8913e-15  7.4118e-16  9.8318e+00  4.4563e-01  4.6635e-01  8.2000e+01
  1.1400e+01  1.8725e-15  7.3812e-16  9.7342e+00  4.4496e-01  4.6475e-01  8.2000e+01
  1.1500e+01  1.8542e-15  7.3493e-16  9.6395e+00  4.4439e-01  4.6287e-01  8.2000e+01
  1.1600e+01  1.8371e-15  7.3184e-16  9.5500e+00  4.4391e-01  4.6110e-01  8.3000e+01
  1.1700e+01  1.8205e-15  7.2875e-16  9.4637e+00  4.4352e-01  4.5943e-01  8.3000e+01
  1.1800e+01  1.8037e-15  7.2567e-16  9.3769e+00  4.4322e-01  4.5760e-01  8.3000e+01
  1.1900e+01  1.7866e-15  7.2253e-16  9.2880e+00  4.4311e-01  4.5573e-01  8.4000e+01
  1.2000e+01  1.7689e-15  7.1957e-16  9.1961e+00  4.4280e-01  4.5373e-01  8.4000e+01
  1.2100e+01  1.7510e-15  7.1617e-16  9.1029e+00  4.4263e-01  4.5129e-01  8.4000e+01
  1.2200e+01  1.7339e-15  7.1251e-16  9.0139e+00  4.4264e-01  4.4905e-01  8.5000e+01
  1.2300e+01  1.7178e-15  7.0883e-16  8.9299e+00  4.4270e-01  4.4700e-01  8.5000e+01
  1.2400e+01  1.7023e-15  7.0534e-16  8.8498e+00  4.4268e-01  4.4486e-01  8.5000e+01
  1.2500e+01  1.6867e-15  7.0154e-16  8.7686e+00  4.4325e-01  4.4269e-01  8.6000e+01
  1.2600e+01  1.6717e-15  6.9814e-16  8.6902e+00  4.4368e-01  4.4106e-01  8.6000e+01
  1.2700e+01  1.6566e-15  6.9442e-16  8.6122e+00  4.4424e-01  4.3927e-01  8.6000e+01
  1.2800e+01  1.6416e-15  6.9087e-16  8.5342e+00  4.4475e-01  4.3770e-01  8.6000e+01
  1.2900e+01  1.6269e-15  6.8771e-16  8.4576e+00  4.4481e-01  4.3645e-01  8.4000e+01
  1.3000e+01  1.6125e-15  6.8450e-16  8.3826e+00  4.4458e-01  4.3500e-01  8.4000e+01
  1.3100e+01  1.5981e-15  6.8113e-16  8.3078e+00  4.4434e-01  4.3342e-01  8.4000e+01
  1.3200e+01  1.5839e-15  6.7781e-16  8.2339e+00  4.4400e-01  4.3173e-01  8.5000e+01
  1.3300e+01  1.5695e-15  6.7435e-16  8.1594e+00  4.4379e-01  4.2962e-01  8.5000e+01
  1.3400e+01  1.5552e-15  6.7070e-16  8.0850e+00  4.4386e-01  4.2766e-01  8.5000e+01
  1.3500e+01  1.5407e-15  6.6678e-16  8.0094e+00  4.4408e-01  4.2560e-01  8.5000e+01
  1.4000e+01  1.4756e-15  6.4262e-16  7.6708e+00  4.4746e-01  4.2197e-01  8.7000e+01
  1.4500e+01  1.4299e-15  6.1483e-16  7.4333e+00  4.4719e-01  4.2609e-01  8.4000e+01
  1.5000e+01  1.4045e-15  5.9002e-16  7.3016e+00  4.4506e-01  4.3397e-01  8.5000e+01
  1.6000e+01  1.3817e-15  5.5444e-16  7.1831e+00  4.3723e-01  4.4456e-01  8.3000e+01
  1.7000e+01  1.3817e-15  5.3571e-16  7.1828e+00  4.2747e-01  4.5278e-01  8.4000e+01
  1.8000e+01  1.3808e-15  5.2785e-16  7.1783e+00  4.1751e-01  4.5940e-01  8.2000e+01
  1.9000e+01  1.3606e-15  5.2299e-16  7.0729e+00  4.0859e-01  4.5890e-01  8.3000e+01
  2.0000e+01  1.3186e-15  5.1563e-16  6.8548e+00  4.0237e-01  4.5742e-01  8.2000e+01
  2.2000e+01  1.2257e-15  4.9341e-16  6.3718e+00  3.9175e-01  4.4971e-01  8.2000e+01
  2.3000e+01  1.1823e-15  4.8195e-16  6.1465e+00  3.8743e-01  4.4626e-01  8.3000e+01
  2.4000e+01  1.1436e-15  4.7062e-16  5.9449e+00  3.8299e-01  4.4217e-01  8.2000e+01
  2.5000e+01  1.1072e-15  4.5978e-16  5.7560e+00  3.7896e-01  4.3973e-01  8.3000e+01
  2.6000e+01  1.0726e-15  4.4893e-16  5.5762e+00  3.7550e-01  4.3652e-01  8.4000e+01
  2.7000e+01  1.0404e-15  4.3868e-16  5.4085e+00  3.7196e-01  4.3329e-01  8.2000e+01
  2.8000e+01  1.0103e-15  4.2878e-16  5.2519e+00  3.6873e-01  4.3113e-01  8.3000e+01
  3.0000e+01  9.5575e-16  4.1052e-16  4.9685e+00  3.6228e-01  4.2567e-01  8.3000e+01
  3.5000e+01  8.4371e-16  3.6967e-16  4.3861e+00  3.5005e-01  4.1655e-01  8.4000e+01
  4.0000e+01  7.5737e-16  3.3664e-16  3.9372e+00  3.3918e-01  4.0968e-01  8.5000e+01
  4.5000e+01  6.8758e-16  3.0926e-16  3.5745e+00  3.3002e-01  4.0410e-01  8.5000e+01
  5.0000e+01  6.2965e-16  2.8612e-16  3.2733e+00  3.2169e-01  3.9902e-01  8.5000e+01
  5.5000e+01  5.8103e-16  2.6631e-16  3.0206e+00  3.1447e-01  3.9499e-01  8.5000e+01
  6.0000e+01  5.3942e-16  2.4915e-16  2.8043e+00  3.0783e-01  3.9111e-01  8.5000e+01
  6.5000e+01  5.0338e-16  2.3415e-16  2.6169e+00  3.0168e-01  3.8742e-01  8.6000e+01
  7.0000e+01  4.7187e-16  2.2093e-16  2.4531e+00  2.9601e-01  3.8481e-01  8.6000e+01
  7.5000e+01  4.4393e-16  2.0918e-16  2.3078e+00  2.9044e-01  3.8167e-01  8.6000e+01
  8.0000e+01  4.1904e-16  1.9862e-16  2.1785e+00  2.8508e-01  3.7841e-01  8.6000e+01
  8.5000e+01  3.9675e-16  1.8909e-16  2.0625e+00  2.8007e-01  3.7579e-01  8.6000e+01
  9.0000e+01  3.7680e-16  1.8040e-16  1.9588e+00  2.7581e-01  3.7319e-01  8.6000e+01
  9.5000e+01  3.5874e-16  1.7239e-16  1.8649e+00  2.7180e-01  3.7094e-01  8.6000e+01
  1.0000e+02  3.4218e-16  1.6519e-16  1.7789e+00  2.6769e-01  3.6856e-01  8.7000e+01
  1.0500e+02  3.2698e-16  1.5856e-16  1.6999e+00  2.6357e-01  3.6640e-01  8.6000e+01
  1.1000e+02  3.1314e-16  1.5237e-16  1.6279e+00  2.5999e-01  3.6422e-01  8.7000e+01
  1.2000e+02  2.8839e-16  1.4138e-16  1.4992e+00  2.5279e-01  3.6027e-01  8.7000e+01
  1.3000e+02  2.6707e-16  1.3186e-16  1.3884e+00  2.4613e-01  3.5635e-01  8.6000e+01
  1.4000e+02  2.4853e-16  1.2347e-16  1.2921e+00  2.3988e-01  3.5241e-01  8.7000e+01
  1.5000e+02  2.3219e-16  1.1605e-16  1.2071e+00  2.3406e-01  3.4971e-01  8.7000e+01
  2.0000e+02  1.7321e-16  8.8744e-17  9.0047e-01  2.0887e-01  3.3375e-01  8.6000e+01
  2.5000e+02  1.3647e-16  7.1104e-17  7.0945e-01  1.8982e-01  3.2268e-01  8.6000e+01
  3.0000e+02  1.1154e-16  5.8724e-17  5.7985e-01  1.7390e-01  3.1302e-01  8.6000e+01
  4.0000e+02  7.9555e-17  4.2358e-17  4.1357e-01  1.5199e-01  3.0880e-01  8.7000e+01
  5.0000e+02  6.0210e-17  3.2226e-17  3.1301e-01  1.3393e-01  3.0465e-01  8.6000e+01
  7.0000e+02  3.8632e-17  2.0441e-17  2.0083e-01  1.0752e-01  3.0004e-01  8.5000e+01
  1.0000e+03  2.3112e-17  1.1847e-17  1.2015e-01  8.0048e-02  2.9098e-01  8.2000e+01
  3.6000e+04  2.3439e-17  1.2023e-17  1.2081e-03  8.4130e-02  2.8459e-01  8.3000e+01
