  1.0000e-02  6.5056e-15  3.5164e-15  2.7269e+01  9.9692e-01  9.9451e-01  9.0000e+01
  2.0000e-02  8.0808e-15  4.1588e-15  3.3871e+01  9.8640e-01  9.8003e-01  9.1000e+01
  3.0000e-02  9.4528e-15  4.5476e-15  3.9622e+01  9.6475e-01  9.5035e-01  9.0000e+01
  4.0000e-02  1.0482e-14  4.6732e-15  4.3938e+01  9.3694e-01  9.3556e-01  8.8000e+01
  5.0000e-02  1.0381e-14  4.4886e-15  4.3514e+01  9.0890e-01  9.0673e-01  8.7000e+01
  6.0000e-02  1.2309e-14  5.6721e-15  5.1596e+01  8.2342e-01  8.0971e-01  8.3000e+01
  8.0000e-02  1.4778e-14  6.0270e-15  6.1945e+01  7.6746e-01  7.8869e-01  7.8000e+01
  1.0000e-01  1.5137e-14  5.9894e-15  6.3448e+01  7.3945e-01  7.2824e-01  8.1000e+01
  1.2000e-01  1.4653e-14  5.7393e-15  6.1420e+01  7.3665e-01  6.7062e-01  8.5000e+01
  1.5000e-01  1.3725e-14  5.6298e-15  5.7529e+01  7.1825e-01  5.2677e-01  9.0000e+01
  2.0000e-01  1.1769e-14  5.9562e-15  4.9332e+01  6.7356e-01  2.4882e-01  8.5000e+01
  2.5000e-01  1.1796e-14  5.7744e-15  4.9446e+01  6.6311e-01  3.3829e-01  9.0000e+01
  3.0000e-01  1.1653e-14  5.5054e-15  4.8844e+01  6.5268e-01  3.8867e-01  8.6000e+01
  3.6000e-01  1.1013e-14  5.1855e-15  4.6163e+01  6.4250e-01  3.9258e-01  8.3000e+01
  4.4000e-01  1.0089e-14  4.8125e-15  4.2290e+01  6.2996e-01  4.1131e-01  9.2000e+01
  5.5000e-01  8.9526e-15  4.4006e-15  3.7526e+01  6.1637e-01  4.0580e-01  9.2000e+01
  7.0000e-01  7.7732e-15  3.9467e-15  3.2582e+01  6.0539e-01  3.8469e-01  9.3000e+01
  8.5000e-01  6.9064e-15  3.5846e-15  2.8949e+01  5.9732e-01  3.8142e-01  9.0000e+01
  1.0000e+00  6.2781e-15  3.3054e-15  2.6315e+01  5.9320e-01  3.5939e-01  9.5000e+01
  1.1500e+00  5.7822e-15  3.0725e-15  2.4237e+01  5.8828e-01  3.5033e-01  8.7000e+01
  1.3000e+00  5.3822e-15  2.8813e-15  2.2560e+01  5.8411e-01  3.4747e-01  8.7000e+01
  1.7000e+00  4.6017e-15  2.4878e-15  1.9289e+01  5.7586e-01  3.5146e-01  9.1000e+01
  2.0000e+00  4.1914e-15  2.2767e-15  1.7569e+01  5.7100e-01  3.3929e-01  9.6000e+01
  2.2000e+00  3.9626e-15  2.1557e-15  1.6610e+01  5.6805e-01  3.4249e-01  9.3000e+01
  2.7000e+00  3.5114e-15  1.9073e-15  1.4719e+01  5.6199e-01  3.4815e-01  9.1000e+01
  3.0000e+00  3.2998e-15  1.7892e-15  1.3832e+01  5.5850e-01  3.4971e-01  9.1000e+01
  3.5000e+00  3.0112e-15  1.6280e-15  1.2622e+01  5.5398e-01  3.4776e-01  9.4000e+01
  4.0000e+00  2.7735e-15  1.4944e-15  1.1625e+01  5.4947e-01  3.4948e-01  9.6000e+01
  4.5000e+00  2.5742e-15  1.3810e-15  1.0790e+01  5.4627e-01  3.5500e-01  8.8000e+01
  5.0000e+00  2.4007e-15  1.2809e-15  1.0063e+01  5.4392e-01  3.6220e-01  9.5000e+01
  5.5000e+00  2.2488e-15  1.1866e-15  9.4259e+00  5.4414e-01  3.7371e-01  9.4000e+01
  6.0000e+00  2.1176e-15  1.0962e-15  8.8763e+00  5.4552e-01  3.9081e-01  9.2000e+01
  6.5000e+00  1.9993e-15  1.0163e-15  8.3801e+00  5.4110e-01  4.0728e-01  9.0000e+01
  7.0000e+00  1.8728e-15  9.3249e-16  7.8500e+00  5.3768e-01  4.2100e-01  8.8000e+01
  7.5000e+00  1.7394e-15  8.1708e-16  7.2911e+00  5.2077e-01  4.3303e-01  8.5000e+01
  8.0000e+00  1.7104e-15  6.9687e-16  7.1692e+00  4.7683e-01  4.3145e-01  8.5000e+01
  8.5000e+00  1.8744e-15  7.0554e-16  7.8570e+00  4.7362e-01  4.4762e-01  8.2000e+01
  9.0000e+00  2.0458e-15  7.2972e-16  8.5754e+00  4.6853e-01  4.6871e-01  8.1000e+01
  9.4000e+00  2.1868e-15  7.5861e-16  9.1660e+00  4.6135e-01  4.8561e-01  8.1000e+01
  9.5500e+00  2.1982e-15  7.6430e-16  9.2139e+00  4.5926e-01  4.8779e-01  8.2000e+01
  9.7000e+00  2.1876e-15  7.6619e-16  9.1698e+00  4.5746e-01  4.8691e-01  8.2000e+01
  9.8500e+00  2.1695e-15  7.6599e-16  9.0935e+00  4.5586e-01  4.8584e-01  8.3000e+01
  1.0000e+01  2.1499e-15  7.6473e-16  9.0114e+00  4.5456e-01  4.8439e-01  8.1000e+01
  1.0500e+01  2.0802e-15  7.6412e-16  8.7193e+00  4.4912e-01  4.8114e-01  8.1000e+01
  1.1000e+01  1.9662e-15  7.5002e-16  8.2414e+00  4.4736e-01  4.7231e-01  8.4000e+01
  1.1300e+01  1.9074e-15  7.4118e-16  7.9951e+00  4.4563e-01  4.6656e-01  8.5000e+01
  1.1600e+01  1.8517e-15  7.3184e-16  7.7617e+00  4.4391e-01  4.6050e-01  8.3000e+01
  1.2000e+01  1.7818e-15  7.1957e-16  7.4688e+00  4.4280e-01  4.5361e-01  8.3000e+01
  1.2500e+01  1.6977e-15  7.0154e-16  7.1162e+00  4.4325e-01  4.4330e-01  8.5000e+01
  1.3000e+01  1.6221e-15  6.8450e-16  6.7992e+00  4.4458e-01  4.3485e-01  8.7000e+01
  1.3500e+01  1.5491e-15  6.6678e-16  6.4932e+00  4.4408e-01  4.2510e-01  8.4000e+01
  1.4000e+01  1.4832e-15  6.4262e-16  6.2171e+00  4.4746e-01  4.2246e-01  8.6000e+01
  1.4500e+01  1.4375e-15  6.1483e-16  6.0253e+00  4.4719e-01  4.2612e-01  8.7000e+01
  1.5000e+01  1.4124e-15  5.9002e-16  5.9203e+00  4.4506e-01  4.3346e-01  8.4000e+01
  1.6000e+01  1.3904e-15  5.5444e-16  5.8282e+00  4.3723e-01  4.4418e-01  8.5000e+01
  1.7000e+01  1.3912e-15  5.3571e-16  5.8315e+00  4.2747e-01  4.5361e-01  8.3000e+01
  1.8000e+01  1.3908e-15  5.2785e-16  5.8295e+00  4.1751e-01  4.5844e-01  8.1000e+01
  1.9000e+01  1.3701e-15  5.2299e-16  5.7429e+00  4.0859e-01  4.6006e-01  8.2000e+01
  2.0000e+01  1.3273e-15  5.1563e-16  5.5634e+00  4.0237e-01  4.5643e-01  8.3000e+01
  2.2000e+01  1.2328e-15  4.9342e-16  5.1675e+00  3.9175e-01  4.4972e-01  8.4000e+01
  2.3000e+01  1.1888e-15  4.8195e-16  4.9832e+00  3.8743e-01  4.4567e-01  8.2000e+01
  2.4000e+01  1.1495e-15  4.7062e-16  4.8184e+00  3.8299e-01  4.4310e-01  8.3000e+01
  2.5000e+01  1.1128e-15  4.5978e-16  4.6642e+00  3.7896e-01  4.3936e-01  8.4000e+01
  2.6000e+01  1.0777e-15  4.4893e-16  4.5175e+00  3.7550e-01  4.3623e-01  8.2000e+01
  2.7000e+01  1.0451e-15  4.3869e-16  4.3807e+00  3.7196e-01  4.3406e-01  8.3000e+01
  2.8000e+01  1.0147e-15  4.2878e-16  4.2531e+00  3.6873e-01  4.3088e-01  8.4000e+01
  3.0000e+01  9.5961e-16  4.1052e-16  4.0223e+00  3.6228e-01  4.2637e-01  8.3000e+01
  3.5000e+01  8.4658e-16  3.6968e-16  3.5486e+00  3.5005e-01  4.1659e-01  8.4000e+01
  4.0000e+01  7.5963e-16  3.3664e-16  3.1841e+00  3.3918e-01  4.0951e-01  8.5000e+01
  4.5000e+01  6.8940e-16  3.0926e-16  2.8897e+00  3.3001e-01  4.0396e-01  8.5000e+01
  5.0000e+01  6.3114e-16  2.8612e-16  2.6455e+00  3.2169e-01  3.9906e-01  8.5000e+01
  5.5000e+01  5.8228e-16  2.6631e-16  2.4407e+00  3.1447e-01  3.9510e-01  8.5000e+01
  6.0000e+01  5.4049e-16  2.4915e-16  2.2655e+00  3.0783e-01  3.9099e-01  8.5000e+01
  6.5000e+01  5.0430e-16  2.3415e-16  2.1138e+00  3.0168e-01  3.8745e-01  8.6000e+01
  7.0000e+01  4.7267e-16  2.2093e-16  1.9812e+00  2.9601e-01  3.8494e-01  8.6000e+01
  7.5000e+01  4.4464e-16  2.0918e-16  1.8638e+00  2.9045e-01  3.8145e-01  8.6000e+01
  8.0000e+01  4.1967e-16  1.9862e-16  1.7591e+00  2.8508e-01  3.7866e-01  8.6000e+01
  8.5000e+01  3.9731e-16  1.8909e-16  1.6654e+00  2.8007e-01  3.7557e-01  8.6000e+01
  9.0000e+01  3.7730e-16  1.8040e-16  1.5815e+00  2.7581e-01  3.7343e-01  8.7000e+01
  9.5000e+01  3.5920e-16  1.7239e-16  1.5056e+00  2.7180e-01  3.7071e-01  8.6000e+01
  1.0000e+02  3.4260e-16  1.6519e-16  1.4360e+00  2.6769e-01  3.6879e-01  8.6000e+01
  1.0500e+02  3.2736e-16  1.5856e-16  1.3721e+00  2.6357e-01  3.6616e-01  8.6000e+01
  1.1000e+02  3.1350e-16  1.5237e-16  1.3141e+00  2.5999e-01  3.6431e-01  8.6000e+01
  1.2000e+02  2.8868e-16  1.4138e-16  1.2100e+00  2.5278e-01  3.6008e-01  8.6000e+01
  1.3000e+02  2.6732e-16  1.3186e-16  1.1205e+00  2.4614e-01  3.5623e-01  8.7000e+01
  1.4000e+02  2.4879e-16  1.2347e-16  1.0428e+00  2.3991e-01  3.5274e-01  8.7000e+01
  1.5000e+02  2.3235e-16  1.1604e-16  9.7391e-01  2.3398e-01  3.4942e-01  8.7000e+01
  2.0000e+02  1.7349e-16  8.8768e-17  7.2720e-01  2.0908e-01  3.3378e-01  8.7000e+01
  2.5000e+02  1.3683e-16  7.1153e-17  5.7355e-01  1.8997e-01  3.2262e-01  8.6000e+01
  3.0000e+02  1.1124e-16  5.8592e-17  4.6628e-01  1.7409e-01  3.1776e-01  8.6000e+01
  4.0000e+02  8.0042e-17  4.2619e-17  3.3551e-01  1.5164e-01  2.9865e-01  8.5000e+01
  5.0000e+02  6.0740e-17  3.2542e-17  2.5460e-01  1.3320e-01  2.9279e-01  8.5000e+01
  7.0000e+02  3.8976e-17  2.0686e-17  1.6337e-01  1.0697e-01  2.9128e-01  8.5000e+01
  1.0000e+03  2.3439e-17  1.2023e-17  9.8247e-02  8.4130e-02  2.8459e-01  8.3000e+01
  3.6000e+04  2.3439e-17  1.2023e-17  9.7411e-04  8.4130e-02  2.8459e-01  8.3000e+01
