  1.0000E-02  1.1227E-16  6.5547E-17  4.7061E-01  9.9712E-01  7.0676E-01  9.9000E+01
  2.0000E-02  1.0337E-16  5.2475E-17  4.3329E-01  9.9443E-01  9.8849E-01  9.2000E+01
  3.0000E-02  1.0719E-16  5.4613E-17  4.4928E-01  9.8416E-01  9.5666E-01  9.3000E+01
  4.0000E-02  1.1163E-16  5.8211E-17  4.6791E-01  9.6977E-01  9.1569E-01  9.3000E+01
  5.0000E-02  1.1181E-16  5.9294E-17  4.6866E-01  9.5408E-01  8.4819E-01  9.3000E+01
  6.0000E-02  1.1676E-16  6.6575E-17  4.8941E-01  8.9205E-01  6.3948E-01  9.1000E+01
  8.0000E-02  1.2243E-16  6.6246E-17  5.1319E-01  8.8081E-01  7.2964E-01  7.4000E+01
  1.0000E-01  1.2403E-16  6.6246E-17  5.1990E-01  8.7238E-01  7.2567E-01  7.2000E+01
  1.2000E-01  1.2403E-16  6.5354E-17  5.1987E-01  8.7500E-01  7.1473E-01  7.4000E+01
  1.5000E-01  1.2339E-16  6.5050E-17  5.1719E-01  8.6909E-01  6.3270E-01  7.4000E+01
  2.0000E-01  1.2047E-16  6.7719E-17  5.0495E-01  8.4595E-01  3.9262E-01  7.1000E+01
  2.5000E-01  1.2165E-16  6.9751E-17  5.0991E-01  8.2520E-01  4.2943E-01  7.7000E+01
  3.0000E-01  1.2235E-16  7.0196E-17  5.1283E-01  8.1304E-01  4.3823E-01  7.3000E+01
  3.6000E-01  1.2179E-16  7.0160E-17  5.1049E-01  8.0357E-01  4.3480E-01  7.0000E+01
  4.4000E-01  1.2034E-16  6.9858E-17  5.0441E-01  7.9317E-01  4.3849E-01  7.8000E+01
  5.5000E-01  1.1814E-16  6.9323E-17  4.9521E-01  7.8223E-01  4.2619E-01  7.8000E+01
  7.0000E-01  1.1542E-16  6.8397E-17  4.8382E-01  7.7326E-01  4.0723E-01  6.8000E+01
  8.5000E-01  1.1305E-16  6.7365E-17  4.7388E-01  7.6711E-01  4.0265E-01  7.6000E+01
  1.0000E+00  1.1124E-16  6.6565E-17  4.6628E-01  7.6339E-01  3.8285E-01  6.9000E+01
  1.1500E+00  1.0959E-16  6.5769E-17  4.5938E-01  7.5952E-01  3.7674E-01  7.1000E+01
  1.3000E+00  1.0821E-16  6.5100E-17  4.5360E-01  7.5622E-01  3.7093E-01  7.2000E+01
  1.7000E+00  1.0518E-16  6.3495E-17  4.4089E-01  7.4991E-01  3.6865E-01  7.6000E+01
  2.0000E+00  1.0347E-16  6.2613E-17  4.3370E-01  7.4585E-01  3.5429E-01  6.9000E+01
  2.2000E+00  1.0238E-16  6.2008E-17  4.2913E-01  7.4375E-01  3.5451E-01  6.8000E+01
  2.7000E+00  1.0006E-16  6.0592E-17  4.1940E-01  7.3960E-01  3.5611E-01  7.6000E+01
  3.0000E+00  9.8887E-17  5.9885E-17  4.1450E-01  7.3720E-01  3.5592E-01  7.6000E+01
  3.5000E+00  9.7197E-17  5.8888E-17  4.0741E-01  7.3400E-01  3.4940E-01  6.9000E+01
  4.0000E+00  9.5631E-17  5.7932E-17  4.0085E-01  7.3119E-01  3.4884E-01  7.1000E+01
  4.5000E+00  9.4205E-17  5.7038E-17  3.9487E-01  7.2951E-01  3.4959E-01  7.2000E+01
  5.0000E+00  9.2838E-17  5.6137E-17  3.8914E-01  7.2879E-01  3.5290E-01  7.4000E+01
  5.5000E+00  9.1517E-17  5.5095E-17  3.8361E-01  7.3057E-01  3.6141E-01  7.3000E+01
  6.0000E+00  9.0229E-17  5.3936E-17  3.7821E-01  7.3388E-01  3.7623E-01  7.2000E+01
  6.5000E+00  8.8883E-17  5.2940E-17  3.7256E-01  7.3365E-01  3.8951E-01  7.0000E+01
  7.0000E+00  8.7212E-17  5.1654E-17  3.6556E-01  7.3617E-01  4.0074E-01  7.0000E+01
  7.5000E+00  8.4645E-17  4.9099E-17  3.5480E-01  7.3761E-01  4.2638E-01  6.4000E+01
  8.0000E+00  8.2074E-17  4.5191E-17  3.4402E-01  7.2559E-01  4.4511E-01  6.1000E+01
  8.5000E+00  8.4680E-17  4.6441E-17  3.5495E-01  7.1569E-01  4.6366E-01  6.4000E+01
  9.0000E+00  8.7448E-17  4.8253E-17  3.6655E-01  7.0138E-01  4.8196E-01  6.1000E+01
  9.4000E+00  8.9951E-17  4.9785E-17  3.7704E-01  6.8756E-01  4.9347E-01  6.4000E+01
  9.5500E+00  9.0427E-17  5.0109E-17  3.7903E-01  6.8418E-01  4.9422E-01  6.5000E+01
  9.7000E+00  9.0611E-17  5.0287E-17  3.7981E-01  6.8172E-01  4.9274E-01  6.6000E+01
  9.8500E+00  9.0660E-17  5.0404E-17  3.8001E-01  6.7970E-01  4.9134E-01  6.0000E+01
  1.0000E+01  9.0661E-17  5.0482E-17  3.8002E-01  6.7802E-01  4.9096E-01  6.1000E+01
  1.0500E+01  9.0617E-17  5.0866E-17  3.7983E-01  6.7119E-01  4.8619E-01  6.3000E+01
  1.1000E+01  8.9808E-17  5.0730E-17  3.7644E-01  6.6898E-01  4.7565E-01  6.6000E+01
  1.1300E+01  8.9333E-17  5.0659E-17  3.7445E-01  6.6726E-01  4.7072E-01  6.1000E+01
  1.1600E+01  8.8846E-17  5.0560E-17  3.7241E-01  6.6569E-01  4.6473E-01  6.3000E+01
  1.2000E+01  8.8225E-17  5.0401E-17  3.6981E-01  6.6443E-01  4.5656E-01  6.5000E+01
  1.2500E+01  8.7392E-17  5.0059E-17  3.6631E-01  6.6472E-01  4.4531E-01  6.7000E+01
  1.3000E+01  8.6607E-17  4.9754E-17  3.6302E-01  6.6554E-01  4.3635E-01  6.3000E+01
  1.3500E+01  8.5737E-17  4.9440E-17  3.5937E-01  6.6554E-01  4.2560E-01  6.5000E+01
  1.4000E+01  8.4842E-17  4.8843E-17  3.5563E-01  6.6953E-01  4.1970E-01  6.7000E+01
  1.4500E+01  8.4039E-17  4.8179E-17  3.5226E-01  6.7204E-01  4.2031E-01  6.2000E+01
  1.5000E+01  8.3510E-17  4.7597E-17  3.5004E-01  6.7303E-01  4.2786E-01  6.4000E+01
  1.6000E+01  8.2968E-17  4.6898E-17  3.4777E-01  6.7033E-01  4.3734E-01  6.1000E+01
  1.7000E+01  8.3017E-17  4.6836E-17  3.4797E-01  6.6296E-01  4.4636E-01  6.5000E+01
  1.8000E+01  8.3301E-17  4.7194E-17  3.4917E-01  6.5315E-01  4.4927E-01  6.1000E+01
  1.9000E+01  8.3407E-17  4.7597E-17  3.4961E-01  6.4370E-01  4.4690E-01  6.4000E+01
  2.0000E+01  8.3151E-17  4.7792E-17  3.4854E-01  6.3691E-01  4.4238E-01  6.1000E+01
  2.2000E+01  8.2132E-17  4.7743E-17  3.4426E-01  6.2702E-01  4.2997E-01  5.9000E+01
  2.3000E+01  8.1593E-17  4.7645E-17  3.4201E-01  6.2314E-01  4.2674E-01  6.2000E+01
  2.4000E+01  8.1078E-17  4.7532E-17  3.3985E-01  6.1935E-01  4.2082E-01  6.5000E+01
  2.5000E+01  8.0582E-17  4.7409E-17  3.3777E-01  6.1590E-01  4.1665E-01  6.0000E+01
  2.6000E+01  8.0082E-17  4.7252E-17  3.3567E-01  6.1302E-01  4.1262E-01  6.3000E+01
  2.7000E+01  7.9598E-17  4.7107E-17  3.3364E-01  6.1009E-01  4.0820E-01  6.5000E+01
  2.8000E+01  7.9135E-17  4.6948E-17  3.3170E-01  6.0745E-01  4.0451E-01  6.0000E+01
  3.0000E+01  7.8259E-17  4.6664E-17  3.2803E-01  6.0218E-01  3.9757E-01  6.4000E+01
  3.5000E+01  7.6299E-17  4.5834E-17  3.1982E-01  5.9261E-01  3.8265E-01  6.0000E+01
  4.0000E+01  7.4623E-17  4.5105E-17  3.1279E-01  5.8417E-01  3.7227E-01  6.1000E+01
  4.5000E+01  7.3154E-17  4.4428E-17  3.0663E-01  5.7705E-01  3.6304E-01  6.1000E+01
  5.0000E+01  7.1826E-17  4.3807E-17  3.0107E-01  5.7061E-01  3.5343E-01  6.0000E+01
  5.5000E+01  7.0637E-17  4.3230E-17  2.9608E-01  5.6500E-01  3.4680E-01  6.6000E+01
  6.0000E+01  6.9549E-17  4.2700E-17  2.9152E-01  5.5984E-01  3.4048E-01  6.5000E+01
  6.5000E+01  6.8546E-17  4.2209E-17  2.8732E-01  5.5502E-01  3.3428E-01  6.2000E+01
  7.0000E+01  6.7622E-17  4.1755E-17  2.8345E-01  5.5054E-01  3.2885E-01  6.7000E+01
  7.5000E+01  6.6751E-17  4.1339E-17  2.7980E-01  5.4610E-01  3.2383E-01  6.4000E+01
  8.0000E+01  6.5930E-17  4.0945E-17  2.7636E-01  5.4183E-01  3.1740E-01  6.8000E+01
  8.5000E+01  6.5162E-17  4.0574E-17  2.7313E-01  5.3781E-01  3.1376E-01  6.5000E+01
  9.0000E+01  6.4456E-17  4.0209E-17  2.7018E-01  5.3438E-01  3.0879E-01  6.9000E+01
  9.5000E+01  6.3789E-17  3.9849E-17  2.6738E-01  5.3118E-01  3.0557E-01  6.4000E+01
  1.0000E+02  6.3149E-17  3.9535E-17  2.6470E-01  5.2778E-01  3.0198E-01  6.8000E+01
  1.0500E+02  6.2533E-17  3.9236E-17  2.6211E-01  5.2438E-01  2.9752E-01  6.3000E+01
  1.1000E+02  6.1962E-17  3.8933E-17  2.5972E-01  5.2144E-01  2.9503E-01  6.6000E+01
  1.2000E+02  6.0871E-17  3.8392E-17  2.5515E-01  5.1537E-01  2.8864E-01  6.5000E+01
  1.3000E+02  5.9871E-17  3.7896E-17  2.5096E-01  5.0963E-01  2.8252E-01  7.0000E+01
  1.4000E+02  5.8951E-17  3.7433E-17  2.4710E-01  5.0425E-01  2.7714E-01  6.7000E+01
  1.5000E+02  5.8080E-17  3.7006E-17  2.4345E-01  4.9899E-01  2.7204E-01  6.5000E+01
  2.0000E+02  5.4494E-17  3.5238E-17  2.2842E-01  4.7561E-01  2.5184E-01  6.9000E+01
  2.5000E+02  5.1750E-17  3.3871E-17  2.1692E-01  4.5613E-01  2.3339E-01  6.8000E+01
  3.0000E+02  4.9368E-17  3.2726E-17  2.0693E-01  4.3820E-01  2.1989E-01  7.3000E+01
  4.0000E+02  4.5951E-17  3.1016E-17  1.9261E-01  4.0903E-01  1.9588E-01  6.9000E+01
  5.0000E+02  4.3254E-17  2.9773E-17  1.8130E-01  3.8342E-01  1.7663E-01  6.4000E+01
  7.0000E+02  3.9195E-17  2.7821E-17  1.6429E-01  3.4170E-01  1.4607E-01  6.1000E+01
  1.0000E+03  3.4555E-17  2.5471E-17  1.4484E-01  2.8989E-01  1.2891E-01  7.9000E+01
  4.0000E+03  1.5570E-17  1.2346E-17  6.5264E-02  3.0969E-02  2.3519E-01  7.9000E+01
  1.3000E+04  1.3517E-18  1.9860E-19  5.6658E-03 -1.8799E-01  8.6653E-01  7.8000E+01
  2.0000E+04  8.5925E-19  3.3966E-20  3.6017E-03 -2.0766E-01  8.5608E-01  7.7000E+01
  3.6000E+04  4.8393E-19  3.1974E-21  2.0285E-03 -1.7677E-01  7.9248E-01  7.9000E+01
