  1.0000E-02  1.8864E-15  1.2793E-15  7.9072E+00  9.9440E-01  8.3767E-01  9.9000E+01
  2.0000E-02  1.4448E-15  6.5590E-16  6.0561E+00  9.8628E-01  9.7939E-01  9.2000E+01
  3.0000E-02  1.7072E-15  7.3564E-16  7.1561E+00  9.6625E-01  9.4666E-01  9.0000E+01
  4.0000E-02  1.9912E-15  8.5815E-16  8.3464E+00  9.4134E-01  9.3198E-01  8.8000E+01
  5.0000E-02  2.0059E-15  8.6924E-16  8.4081E+00  9.1258E-01  9.0245E-01  8.7000E+01
  6.0000E-02  2.3714E-15  1.1093E-15  9.9402E+00  8.2799E-01  8.0133E-01  8.3000E+01
  8.0000E-02  2.8280E-15  1.1738E-15  1.1854E+01  7.7457E-01  7.8612E-01  7.8000E+01
  1.0000E-01  2.8940E-15  1.1669E-15  1.2131E+01  7.4794E-01  7.2682E-01  8.1000E+01
  1.2000E-01  2.8050E-15  1.1203E-15  1.1757E+01  7.4587E-01  6.7002E-01  8.5000E+01
  1.5000E-01  2.6353E-15  1.1005E-15  1.1046E+01  7.2847E-01  5.2722E-01  9.0000E+01
  2.0000E-01  2.2751E-15  1.1641E-15  9.5364E+00  6.8516E-01  2.5117E-01  8.5000E+01
  2.5000E-01  2.2782E-15  1.1325E-15  9.5492E+00  6.7503E-01  3.3788E-01  9.0000E+01
  3.0000E-01  2.2516E-15  1.0835E-15  9.4379E+00  6.6536E-01  3.8716E-01  8.6000E+01
  3.6000E-01  2.1350E-15  1.0251E-15  8.9491E+00  6.5614E-01  3.9066E-01  8.3000E+01
  4.4000E-01  1.9665E-15  9.5689E-16  8.2428E+00  6.4483E-01  4.0763E-01  9.2000E+01
  5.5000E-01  1.7591E-15  8.8150E-16  7.3734E+00  6.3273E-01  4.0191E-01  9.2000E+01
  7.0000E-01  1.5435E-15  7.9823E-16  6.4698E+00  6.2342E-01  3.8032E-01  9.3000E+01
  8.5000E-01  1.3846E-15  7.3145E-16  5.8036E+00  6.1686E-01  3.7813E-01  9.0000E+01
  1.0000E+00  1.2693E-15  6.8003E-16  5.3204E+00  6.1396E-01  3.5441E-01  9.5000E+01
  1.1500E+00  1.1780E-15  6.3696E-16  4.9376E+00  6.1023E-01  3.4771E-01  8.6000E+01
  1.3000E+00  1.1043E-15  6.0158E-16  4.6286E+00  6.0716E-01  3.4469E-01  8.7000E+01
  1.7000E+00  9.5996E-16  5.2847E-16  4.0238E+00  6.0154E-01  3.4751E-01  9.0000E+01
  2.0000E+00  8.8396E-16  4.8924E-16  3.7052E+00  5.9835E-01  3.3280E-01  9.5000E+01
  2.2000E+00  8.4136E-16  4.6660E-16  3.5266E+00  5.9650E-01  3.3672E-01  9.3000E+01
  2.7000E+00  7.5714E-16  4.1987E-16  3.1736E+00  5.9298E-01  3.4280E-01  9.1000E+01
  3.0000E+00  7.1752E-16  3.9761E-16  3.0076E+00  5.9092E-01  3.4413E-01  9.0000E+01
  3.5000E+00  6.6335E-16  3.6718E-16  2.7805E+00  5.8857E-01  3.3907E-01  9.4000E+01
  4.0000E+00  6.1846E-16  3.4175E-16  2.5923E+00  5.8618E-01  3.4039E-01  8.6000E+01
  4.5000E+00  5.8065E-16  3.2005E-16  2.4339E+00  5.8501E-01  3.4788E-01  8.7000E+01
  5.0000E+00  5.4756E-16  3.0072E-16  2.2952E+00  5.8470E-01  3.5430E-01  8.6000E+01
  5.5000E+00  5.1836E-16  2.8224E-16  2.1728E+00  5.8698E-01  3.6276E-01  8.6000E+01
  6.0000E+00  4.9292E-16  2.6429E-16  2.0661E+00  5.9063E-01  3.7841E-01  9.2000E+01
  6.5000E+00  4.6966E-16  2.4839E-16  1.9686E+00  5.8915E-01  3.9502E-01  8.9000E+01
  7.0000E+00  4.4443E-16  2.3137E-16  1.8629E+00  5.8944E-01  4.0962E-01  8.6000E+01
  7.5000E+00  4.1657E-16  2.0671E-16  1.7461E+00  5.8043E-01  4.2458E-01  8.2000E+01
  8.0000E+00  4.0766E-16  1.7910E-16  1.7088E+00  5.4714E-01  4.2286E-01  7.8000E+01
  8.5000E+00  4.4151E-16  1.8232E-16  1.8506E+00  5.4269E-01  4.4063E-01  8.1000E+01
  9.0000E+00  4.7688E-16  1.8914E-16  1.9989E+00  5.3523E-01  4.6395E-01  7.8000E+01
  9.4000E+00  5.0629E-16  1.9649E-16  2.1222E+00  5.2579E-01  4.7829E-01  8.0000E+01
  9.5500E+00  5.0910E-16  1.9798E-16  2.1340E+00  5.2325E-01  4.7926E-01  8.1000E+01
  9.7000E+00  5.0750E-16  1.9859E-16  2.1273E+00  5.2126E-01  4.7857E-01  7.7000E+01
  9.8500E+00  5.0431E-16  1.9873E-16  2.1139E+00  5.1960E-01  4.7835E-01  7.6000E+01
  1.0000E+01  5.0079E-16  1.9862E-16  2.0991E+00  5.1828E-01  4.7774E-01  7.7000E+01
  1.0500E+01  4.8818E-16  1.9908E-16  2.0463E+00  5.1261E-01  4.7251E-01  8.0000E+01
  1.1000E+01  4.6638E-16  1.9638E-16  1.9549E+00  5.1122E-01  4.6123E-01  7.8000E+01
  1.1300E+01  4.5506E-16  1.9469E-16  1.9075E+00  5.0985E-01  4.5691E-01  7.8000E+01
  1.1600E+01  4.4429E-16  1.9287E-16  1.8623E+00  5.0854E-01  4.5127E-01  8.0000E+01
  1.2000E+01  4.3076E-16  1.9045E-16  1.8056E+00  5.0784E-01  4.4304E-01  8.2000E+01
  1.2500E+01  4.1435E-16  1.8674E-16  1.7368E+00  5.0890E-01  4.3080E-01  8.4000E+01
  1.3000E+01  3.9952E-16  1.8327E-16  1.6746E+00  5.1074E-01  4.2356E-01  8.0000E+01
  1.3500E+01  3.8506E-16  1.7964E-16  1.6140E+00  5.1115E-01  4.1378E-01  8.2000E+01
  1.4000E+01  3.7185E-16  1.7447E-16  1.5586E+00  5.1570E-01  4.0913E-01  8.4000E+01
  1.4500E+01  3.6241E-16  1.6851E-16  1.5191E+00  5.1756E-01  4.1300E-01  8.0000E+01
  1.5000E+01  3.5713E-16  1.6318E-16  1.4969E+00  5.1760E-01  4.2104E-01  8.1000E+01
  1.6000E+01  3.5243E-16  1.5568E-16  1.4772E+00  5.1331E-01  4.3134E-01  7.8000E+01
  1.7000E+01  3.5272E-16  1.5211E-16  1.4785E+00  5.0558E-01  4.3921E-01  8.1000E+01
  1.8000E+01  3.5313E-16  1.5109E-16  1.4802E+00  4.9645E-01  4.4534E-01  7.8000E+01
  1.9000E+01  3.4960E-16  1.5071E-16  1.4654E+00  4.8791E-01  4.4346E-01  8.1000E+01
  2.0000E+01  3.4150E-16  1.4961E-16  1.4314E+00  4.8208E-01  4.4113E-01  7.7000E+01
  2.2000E+01  3.2293E-16  1.4545E-16  1.3536E+00  4.7324E-01  4.3087E-01  7.6000E+01
  2.3000E+01  3.1419E-16  1.4320E-16  1.3170E+00  4.6985E-01  4.2765E-01  7.9000E+01
  2.4000E+01  3.0633E-16  1.4096E-16  1.2840E+00  4.6642E-01  4.2226E-01  8.1000E+01
  2.5000E+01  2.9895E-16  1.3879E-16  1.2531E+00  4.6335E-01  4.1898E-01  7.7000E+01
  2.6000E+01  2.9188E-16  1.3657E-16  1.2235E+00  4.6087E-01  4.1598E-01  7.9000E+01
  2.7000E+01  2.8527E-16  1.3448E-16  1.1957E+00  4.5829E-01  4.1115E-01  8.2000E+01
  2.8000E+01  2.7908E-16  1.3244E-16  1.1698E+00  4.5600E-01  4.0828E-01  7.7000E+01
  3.0000E+01  2.6782E-16  1.2867E-16  1.1226E+00  4.5139E-01  4.0250E-01  8.1000E+01
  3.5000E+01  2.4446E-16  1.1998E-16  1.0247E+00  4.4344E-01  3.8941E-01  7.7000E+01
  4.0000E+01  2.2621E-16  1.1284E-16  9.4820E-01  4.3644E-01  3.8099E-01  7.8000E+01
  4.5000E+01  2.1129E-16  1.0681E-16  8.8563E-01  4.3072E-01  3.7330E-01  7.8000E+01
  5.0000E+01  1.9873E-16  1.0164E-16  8.3300E-01  4.2555E-01  3.6559E-01  7.7000E+01
  5.5000E+01  1.8807E-16  9.7137E-17  7.8832E-01  4.2118E-01  3.5919E-01  8.3000E+01
  6.0000E+01  1.7884E-16  9.3187E-17  7.4963E-01  4.1717E-01  3.5500E-01  8.2000E+01
  6.5000E+01  1.7075E-16  8.9690E-17  7.1571E-01  4.1345E-01  3.4990E-01  7.9000E+01
  7.0000E+01  1.6360E-16  8.6571E-17  6.8574E-01  4.1002E-01  3.4376E-01  8.4000E+01
  7.5000E+01  1.5718E-16  8.3775E-17  6.5883E-01  4.0657E-01  3.4102E-01  8.1000E+01
  8.0000E+01  1.5139E-16  8.1229E-17  6.3457E-01  4.0319E-01  3.3559E-01  7.8000E+01
  8.5000E+01  1.4615E-16  7.8908E-17  6.1262E-01  4.0005E-01  3.3240E-01  8.2000E+01
  9.0000E+01  1.4143E-16  7.6755E-17  5.9283E-01  3.9749E-01  3.2799E-01  7.8000E+01
  9.5000E+01  1.3711E-16  7.4741E-17  5.7473E-01  3.9511E-01  3.2552E-01  8.2000E+01
  1.0000E+02  1.3311E-16  7.2933E-17  5.5795E-01  3.9251E-01  3.2064E-01  7.8000E+01
  1.0500E+02  1.2939E-16  7.1250E-17  5.4236E-01  3.8986E-01  3.1900E-01  8.1000E+01
  1.1000E+02  1.2599E-16  6.9652E-17  5.2810E-01  3.8765E-01  3.1513E-01  8.4000E+01
  1.2000E+02  1.1979E-16  6.6796E-17  5.0212E-01  3.8297E-01  3.1018E-01  8.2000E+01
  1.3000E+02  1.1436E-16  6.4279E-17  4.7935E-01  3.7858E-01  3.0436E-01  8.0000E+01
  1.4000E+02  1.0957E-16  6.2021E-17  4.5926E-01  3.7445E-01  2.9831E-01  8.5000E+01
  1.5000E+02  1.0523E-16  5.9992E-17  4.4107E-01  3.7039E-01  2.9510E-01  8.2000E+01
  2.0000E+02  8.8983E-17  5.2226E-17  3.7298E-01  3.5258E-01  2.7194E-01  7.8000E+01
  2.5000E+02  7.8090E-17  4.6851E-17  3.2732E-01  3.3807E-01  2.5521E-01  7.8000E+01
  3.0000E+02  6.9828E-17  4.2748E-17  2.9269E-01  3.2492E-01  2.4668E-01  8.2000E+01
  4.0000E+02  5.9021E-17  3.7114E-17  2.4740E-01  3.0444E-01  2.1663E-01  7.4000E+01
  5.0000E+02  5.1532E-17  3.3215E-17  2.1600E-01  2.8648E-01  2.0081E-01  8.5000E+01
  7.0000E+02  4.1788E-17  2.7866E-17  1.7516E-01  2.5795E-01  1.8387E-01  8.5000E+01
  1.0000E+03  3.2947E-17  2.2792E-17  1.3810E-01  2.2308E-01  1.6491E-01  7.9000E+01
