  1.0000e-02  1.8864e-15  1.2793e-15  7.9072e+00  9.9440e-01  8.3767e-01  9.9000e+01
  2.0000e-02  1.4448e-15  6.5590e-16  6.0561e+00  9.8628e-01  9.7939e-01  9.2000e+01
  3.0000e-02  1.7072e-15  7.3564e-16  7.1561e+00  9.6625e-01  9.4666e-01  9.0000e+01
  4.0000e-02  1.9912e-15  8.5815e-16  8.3464e+00  9.4134e-01  9.3198e-01  8.8000e+01
  5.0000e-02  2.0059e-15  8.6924e-16  8.4081e+00  9.1258e-01  9.0245e-01  8.7000e+01
  6.0000e-02  2.3714e-15  1.1093e-15  9.9402e+00  8.2799e-01  8.0133e-01  8.3000e+01
  8.0000e-02  2.8280e-15  1.1738e-15  1.1854e+01  7.7457e-01  7.8612e-01  7.8000e+01
  1.0000e-01  2.8940e-15  1.1669e-15  1.2131e+01  7.4794e-01  7.2682e-01  8.1000e+01
  1.2000e-01  2.8050e-15  1.1203e-15  1.1757e+01  7.4587e-01  6.7002e-01  8.5000e+01
  1.5000e-01  2.6353e-15  1.1005e-15  1.1046e+01  7.2847e-01  5.2722e-01  9.0000e+01
  2.0000e-01  2.2751e-15  1.1641e-15  9.5364e+00  6.8516e-01  2.5117e-01  8.5000e+01
  2.5000e-01  2.2782e-15  1.1325e-15  9.5492e+00  6.7503e-01  3.3788e-01  9.0000e+01
  3.0000e-01  2.2516e-15  1.0835e-15  9.4379e+00  6.6536e-01  3.8716e-01  8.6000e+01
  3.6000e-01  2.1350e-15  1.0251e-15  8.9491e+00  6.5614e-01  3.9066e-01  8.3000e+01
  4.4000e-01  1.9665e-15  9.5689e-16  8.2428e+00  6.4483e-01  4.0763e-01  9.2000e+01
  5.5000e-01  1.7591e-15  8.8150e-16  7.3734e+00  6.3273e-01  4.0191e-01  9.2000e+01
  7.0000e-01  1.5435e-15  7.9823e-16  6.4698e+00  6.2342e-01  3.8032e-01  9.3000e+01
  8.5000e-01  1.3846e-15  7.3145e-16  5.8036e+00  6.1686e-01  3.7813e-01  9.0000e+01
  1.0000e+00  1.2693e-15  6.8003e-16  5.3204e+00  6.1396e-01  3.5441e-01  9.5000e+01
  1.1500e+00  1.1780e-15  6.3696e-16  4.9376e+00  6.1023e-01  3.4771e-01  8.6000e+01
  1.3000e+00  1.1043e-15  6.0158e-16  4.6286e+00  6.0716e-01  3.4469e-01  8.7000e+01
  1.7000e+00  9.5996e-16  5.2847e-16  4.0238e+00  6.0154e-01  3.4751e-01  9.0000e+01
  2.0000e+00  8.8396e-16  4.8924e-16  3.7052e+00  5.9835e-01  3.3280e-01  9.5000e+01
  2.2000e+00  8.4136e-16  4.6660e-16  3.5266e+00  5.9650e-01  3.3672e-01  9.3000e+01
  2.7000e+00  7.5714e-16  4.1987e-16  3.1736e+00  5.9298e-01  3.4280e-01  9.1000e+01
  3.0000e+00  7.1752e-16  3.9761e-16  3.0076e+00  5.9092e-01  3.4413e-01  9.0000e+01
  3.5000e+00  6.6335e-16  3.6718e-16  2.7805e+00  5.8857e-01  3.3907e-01  9.4000e+01
  4.0000e+00  6.1846e-16  3.4175e-16  2.5923e+00  5.8618e-01  3.4039e-01  8.6000e+01
  4.5000e+00  5.8065e-16  3.2005e-16  2.4339e+00  5.8501e-01  3.4788e-01  8.7000e+01
  5.0000e+00  5.4756e-16  3.0072e-16  2.2952e+00  5.8470e-01  3.5430e-01  8.6000e+01
  5.5000e+00  5.1836e-16  2.8224e-16  2.1728e+00  5.8698e-01  3.6276e-01  8.6000e+01
  6.0000e+00  4.9292e-16  2.6429e-16  2.0661e+00  5.9063e-01  3.7841e-01  9.2000e+01
  6.5000e+00  4.6966e-16  2.4839e-16  1.9686e+00  5.8915e-01  3.9502e-01  8.9000e+01
  7.0000e+00  4.4443e-16  2.3137e-16  1.8629e+00  5.8944e-01  4.0962e-01  8.6000e+01
  7.5000e+00  4.1657e-16  2.0671e-16  1.7461e+00  5.8043e-01  4.2458e-01  8.2000e+01
  8.0000e+00  4.0766e-16  1.7910e-16  1.7088e+00  5.4714e-01  4.2286e-01  7.8000e+01
  8.5000e+00  4.4151e-16  1.8232e-16  1.8506e+00  5.4269e-01  4.4063e-01  8.1000e+01
  9.0000e+00  4.7688e-16  1.8914e-16  1.9989e+00  5.3523e-01  4.6395e-01  7.8000e+01
  9.4000e+00  5.0629e-16  1.9649e-16  2.1222e+00  5.2579e-01  4.7829e-01  8.0000e+01
  9.5500e+00  5.0910e-16  1.9798e-16  2.1340e+00  5.2325e-01  4.7926e-01  8.1000e+01
  9.7000e+00  5.0750e-16  1.9859e-16  2.1273e+00  5.2126e-01  4.7857e-01  7.7000e+01
  9.8500e+00  5.0431e-16  1.9873e-16  2.1139e+00  5.1960e-01  4.7835e-01  7.6000e+01
  1.0000e+01  5.0079e-16  1.9862e-16  2.0991e+00  5.1828e-01  4.7774e-01  7.7000e+01
  1.0500e+01  4.8818e-16  1.9908e-16  2.0463e+00  5.1261e-01  4.7251e-01  8.0000e+01
  1.1000e+01  4.6638e-16  1.9638e-16  1.9549e+00  5.1122e-01  4.6123e-01  7.8000e+01
  1.1300e+01  4.5506e-16  1.9469e-16  1.9075e+00  5.0985e-01  4.5691e-01  7.8000e+01
  1.1600e+01  4.4429e-16  1.9287e-16  1.8623e+00  5.0854e-01  4.5127e-01  8.0000e+01
  1.2000e+01  4.3076e-16  1.9045e-16  1.8056e+00  5.0784e-01  4.4304e-01  8.2000e+01
  1.2500e+01  4.1435e-16  1.8674e-16  1.7368e+00  5.0890e-01  4.3080e-01  8.4000e+01
  1.3000e+01  3.9952e-16  1.8327e-16  1.6746e+00  5.1074e-01  4.2356e-01  8.0000e+01
  1.3500e+01  3.8506e-16  1.7964e-16  1.6140e+00  5.1115e-01  4.1378e-01  8.2000e+01
  1.4000e+01  3.7185e-16  1.7447e-16  1.5586e+00  5.1570e-01  4.0913e-01  8.4000e+01
  1.4500e+01  3.6241e-16  1.6851e-16  1.5191e+00  5.1756e-01  4.1300e-01  8.0000e+01
  1.5000e+01  3.5713e-16  1.6318e-16  1.4969e+00  5.1760e-01  4.2104e-01  8.1000e+01
  1.6000e+01  3.5243e-16  1.5568e-16  1.4772e+00  5.1331e-01  4.3134e-01  7.8000e+01
  1.7000e+01  3.5272e-16  1.5211e-16  1.4785e+00  5.0558e-01  4.3921e-01  8.1000e+01
  1.8000e+01  3.5313e-16  1.5109e-16  1.4802e+00  4.9645e-01  4.4534e-01  7.8000e+01
  1.9000e+01  3.4960e-16  1.5071e-16  1.4654e+00  4.8791e-01  4.4346e-01  8.1000e+01
  2.0000e+01  3.4150e-16  1.4961e-16  1.4314e+00  4.8208e-01  4.4113e-01  7.7000e+01
  2.2000e+01  3.2293e-16  1.4545e-16  1.3536e+00  4.7324e-01  4.3087e-01  7.6000e+01
  2.3000e+01  3.1419e-16  1.4320e-16  1.3170e+00  4.6985e-01  4.2765e-01  7.9000e+01
  2.4000e+01  3.0633e-16  1.4096e-16  1.2840e+00  4.6642e-01  4.2226e-01  8.1000e+01
  2.5000e+01  2.9895e-16  1.3879e-16  1.2531e+00  4.6335e-01  4.1898e-01  7.7000e+01
  2.6000e+01  2.9188e-16  1.3657e-16  1.2235e+00  4.6087e-01  4.1598e-01  7.9000e+01
  2.7000e+01  2.8527e-16  1.3448e-16  1.1957e+00  4.5829e-01  4.1115e-01  8.2000e+01
  2.8000e+01  2.7908e-16  1.3244e-16  1.1698e+00  4.5600e-01  4.0828e-01  7.7000e+01
  3.0000e+01  2.6782e-16  1.2867e-16  1.1226e+00  4.5139e-01  4.0250e-01  8.1000e+01
  3.5000e+01  2.4446e-16  1.1998e-16  1.0247e+00  4.4344e-01  3.8941e-01  7.7000e+01
  4.0000e+01  2.2621e-16  1.1284e-16  9.4820e-01  4.3644e-01  3.8099e-01  7.8000e+01
  4.5000e+01  2.1129e-16  1.0681e-16  8.8563e-01  4.3072e-01  3.7330e-01  7.8000e+01
  5.0000e+01  1.9873e-16  1.0164e-16  8.3300e-01  4.2555e-01  3.6559e-01  7.7000e+01
  5.5000e+01  1.8807e-16  9.7137e-17  7.8832e-01  4.2118e-01  3.5919e-01  8.3000e+01
  6.0000e+01  1.7884e-16  9.3187e-17  7.4963e-01  4.1717e-01  3.5500e-01  8.2000e+01
  6.5000e+01  1.7075e-16  8.9690e-17  7.1571e-01  4.1345e-01  3.4990e-01  7.9000e+01
  7.0000e+01  1.6360e-16  8.6571e-17  6.8574e-01  4.1002e-01  3.4376e-01  8.4000e+01
  7.5000e+01  1.5718e-16  8.3775e-17  6.5883e-01  4.0657e-01  3.4102e-01  8.1000e+01
  8.0000e+01  1.5139e-16  8.1229e-17  6.3457e-01  4.0319e-01  3.3559e-01  7.8000e+01
  8.5000e+01  1.4615e-16  7.8908e-17  6.1262e-01  4.0005e-01  3.3240e-01  8.2000e+01
  9.0000e+01  1.4143e-16  7.6755e-17  5.9283e-01  3.9749e-01  3.2799e-01  7.8000e+01
  9.5000e+01  1.3711e-16  7.4741e-17  5.7473e-01  3.9511e-01  3.2552e-01  8.2000e+01
  1.0000e+02  1.3311e-16  7.2933e-17  5.5795e-01  3.9251e-01  3.2064e-01  7.8000e+01
  1.0500e+02  1.2939e-16  7.1250e-17  5.4236e-01  3.8986e-01  3.1900e-01  8.1000e+01
  1.1000e+02  1.2599e-16  6.9652e-17  5.2810e-01  3.8765e-01  3.1513e-01  8.4000e+01
  1.2000e+02  1.1979e-16  6.6796e-17  5.0212e-01  3.8297e-01  3.1018e-01  8.2000e+01
  1.3000e+02  1.1436e-16  6.4279e-17  4.7935e-01  3.7858e-01  3.0436e-01  8.0000e+01
  1.4000e+02  1.0957e-16  6.2021e-17  4.5926e-01  3.7445e-01  2.9831e-01  8.5000e+01
  1.5000e+02  1.0523e-16  5.9992e-17  4.4107e-01  3.7039e-01  2.9510e-01  8.2000e+01
  2.0000e+02  8.8983e-17  5.2226e-17  3.7298e-01  3.5258e-01  2.7194e-01  7.8000e+01
  2.5000e+02  7.8090e-17  4.6851e-17  3.2732e-01  3.3807e-01  2.5521e-01  7.8000e+01
  3.0000e+02  6.9828e-17  4.2748e-17  2.9269e-01  3.2492e-01  2.4668e-01  8.2000e+01
  4.0000e+02  5.9021e-17  3.7114e-17  2.4740e-01  3.0444e-01  2.1663e-01  7.4000e+01
  5.0000e+02  5.1532e-17  3.3215e-17  2.1600e-01  2.8648e-01  2.0081e-01  8.5000e+01
  7.0000e+02  4.1788e-17  2.7866e-17  1.7516e-01  2.5795e-01  1.8387e-01  8.5000e+01
  1.0000e+03  3.2947e-17  2.2792e-17  1.3810e-01  2.2308e-01  1.6491e-01  7.9000e+01
  3.6000e+04  3.2947e-17  2.2792e-17  1.6471e-02  2.2308e-01  1.6491e-01  7.9000e+01
