# Temperature =  4000.0 K   Log[g] =  3.5   Log[Z/H] = -2.0
      0.0091  0.0000E+00
      0.0093  0.0000E+00
      0.0096  0.0000E+00
      0.0098  0.0000E+00
      0.0100  0.0000E+00
      0.0102  0.0000E+00
      0.0104  0.0000E+00
      0.0106  0.0000E+00
      0.0108  0.0000E+00
      0.0110  0.0000E+00
      0.0114  0.0000E+00
      0.0118  0.0000E+00
      0.0121  0.0000E+00
      0.0125  0.0000E+00
      0.0127  0.0000E+00
      0.0128  0.0000E+00
      0.0131  0.0000E+00
      0.0132  0.0000E+00
      0.0134  0.0000E+00
      0.0137  0.0000E+00
      0.0140  0.0000E+00
      0.0143  0.0000E+00
      0.0147  0.0000E+00
      0.0151  0.0000E+00
      0.0155  0.0000E+00
      0.0159  0.0000E+00
      0.0162  0.0000E+00
      0.0166  0.0000E+00
      0.0170  0.0000E+00
      0.0173  0.0000E+00
      0.0177  0.0000E+00
      0.0180  0.0000E+00
      0.0182  0.0000E+00
      0.0186  0.0000E+00
      0.0191  0.0000E+00
      0.0194  0.0000E+00
      0.0198  0.0000E+00
      0.0202  0.0000E+00
      0.0205  0.0000E+00
      0.0211  0.0000E+00
      0.0216  0.0000E+00
      0.0220  0.0000E+00
      0.0223  0.0000E+00
      0.0227  0.0000E+00
      0.0230  0.0000E+00
      0.0234  0.0000E+00
      0.0240  0.0000E+00
      0.0247  0.0000E+00
      0.0252  0.0000E+00
      0.0257  0.0000E+00
      0.0260  0.0000E+00
      0.0264  0.0000E+00
      0.0269  0.0000E+00
      0.0273  0.0000E+00
      0.0279  0.0000E+00
      0.0284  0.0000E+00
      0.0290  0.0000E+00
      0.0296  0.0000E+00
      0.0301  0.0000E+00
      0.0308  0.0000E+00
      0.0318  0.0000E+00
      0.0328  0.0000E+00
      0.0338  0.0000E+00
      0.0348  0.0000E+00
      0.0357  0.0000E+00
      0.0366  0.0000E+00
      0.0375  0.0000E+00
      0.0385  0.0000E+00
      0.0395  0.0000E+00
      0.0405  0.0000E+00
      0.0414  0.0000E+00
      0.0422  0.0000E+00
      0.0430  0.0000E+00
      0.0441  0.0000E+00
      0.0451  0.0000E+00
      0.0460  0.0000E+00
      0.0470  0.0000E+00
      0.0480  0.0000E+00
      0.0490  0.0000E+00
      0.0500  0.0000E+00
      0.0506  0.0000E+00
      0.0512  0.0000E+00
      0.0520  0.0000E+00
      0.0530  0.0000E+00
      0.0540  0.0000E+00
      0.0550  0.0000E+00
      0.0560  0.0000E+00
      0.0570  0.0000E+00
      0.0580  0.0000E+00
      0.0590  0.0000E+00
      0.0600  0.0000E+00
      0.0610  0.0000E+00
      0.0620  0.0000E+00
      0.0630  0.0000E+00
      0.0640  0.0000E+00
      0.0650  0.0000E+00
      0.0658  0.0000E+00
      0.0665  0.0000E+00
      0.0675  0.0000E+00
      0.0685  0.0000E+00
      0.0695  0.0000E+00
      0.0705  0.0000E+00
      0.0716  0.0000E+00
      0.0726  0.0000E+00
      0.0735  0.0000E+00
      0.0745  0.0000E+00
      0.0755  0.0000E+00
      0.0765  0.0000E+00
      0.0775  0.0000E+00
      0.0785  0.0000E+00
      0.0795  0.0000E+00
      0.0805  0.0000E+00
      0.0815  0.0000E+00
      0.0825  0.0000E+00
      0.0835  0.0000E+00
      0.0845  0.0000E+00
      0.0855  0.0000E+00
      0.0865  0.0000E+00
      0.0875  0.0000E+00
      0.0885  0.0000E+00
      0.0895  0.0000E+00
      0.0905  0.0000E+00
      0.0915  0.0000E+00
      0.0925  0.0000E+00
      0.0935  0.0000E+00
      0.0945  0.0000E+00
      0.0955  0.0000E+00
      0.0965  0.0000E+00
      0.0975  0.0000E+00
      0.0985  0.0000E+00
      0.0995  0.0000E+00
      0.1005  0.0000E+00
      0.1015  0.0000E+00
      0.1025  0.0000E+00
      0.1035  0.0000E+00
      0.1045  0.0000E+00
      0.1055  0.0000E+00
      0.1065  0.0000E+00
      0.1075  0.0000E+00
      0.1085  0.0000E+00
      0.1095  0.0000E+00
      0.1105  0.0000E+00
      0.1115  0.0000E+00
      0.1125  0.0000E+00
      0.1135  0.0000E+00
      0.1145  0.0000E+00
      0.1155  0.0000E+00
      0.1165  0.0000E+00
      0.1175  0.0000E+00
      0.1185  0.0000E+00
      0.1195  0.0000E+00
      0.1205  0.0000E+00
      0.1215  0.0000E+00
      0.1225  0.0000E+00
      0.1235  0.0000E+00
      0.1245  0.0000E+00
      0.1255  0.0000E+00
      0.1265  0.0000E+00
      0.1275  0.0000E+00
      0.1285  0.0000E+00
      0.1295  0.0000E+00
      0.1305  0.0000E+00
      0.1315  0.0000E+00
      0.1325  0.0000E+00
      0.1335  0.0000E+00
      0.1345  0.0000E+00
      0.1355  0.0000E+00
      0.1365  0.0000E+00
      0.1375  0.0000E+00
      0.1385  0.0000E+00
      0.1395  0.0000E+00
      0.1405  0.0000E+00
      0.1415  0.0000E+00
      0.1425  0.0000E+00
      0.1435  0.0000E+00
      0.1442  0.0000E+00
      0.1447  0.0000E+00
      0.1455  0.0000E+00
      0.1465  0.0000E+00
      0.1475  0.0000E+00
      0.1485  0.0000E+00
      0.1495  2.5129E-17
      0.1505  3.7429E-17
      0.1512  2.5251E-17
      0.1517  2.8761E-17
      0.1525  4.8438E-17
      0.1535  1.0251E-16
      0.1545  7.6716E-17
      0.1555  1.3447E-16
      0.1565  1.3573E-16
      0.1575  2.2758E-16
      0.1585  2.6524E-16
      0.1595  2.8876E-16
      0.1605  3.2978E-16
      0.1615  4.2747E-16
      0.1625  4.9356E-16
      0.1635  6.8713E-16
      0.1645  1.0652E-15
      0.1655  9.4969E-16
      0.1665  1.6625E-15
      0.1672  1.4642E-15
      0.1677  2.5243E-15
      0.1685  3.4918E-15
      0.1695  5.2511E-15
      0.1705  6.2462E-15
      0.1715  7.3846E-15
      0.1725  1.1359E-14
      0.1735  1.3870E-14
      0.1745  2.1795E-14
      0.1755  2.3209E-14
      0.1765  3.1415E-14
      0.1775  2.8680E-14
      0.1785  6.5010E-14
      0.1795  5.2599E-14
      0.1805  1.0527E-13
      0.1815  7.2989E-14
      0.1825  1.2996E-13
      0.1835  1.1975E-13
      0.1845  1.7340E-13
      0.1855  1.3157E-13
      0.1865  2.7622E-13
      0.1875  2.5540E-13
      0.1885  3.5325E-13
      0.1895  4.6857E-13
      0.1905  4.9265E-13
      0.1915  7.7639E-13
      0.1925  6.1766E-13
      0.1935  3.6316E-13
      0.1945  9.7376E-13
      0.1955  1.5163E-12
      0.1967  1.6858E-12
      0.1976  1.9926E-12
      0.1984  2.7147E-12
      0.1995  2.3662E-12
      0.2005  2.8826E-12
      0.2015  3.3418E-12
      0.2025  2.7463E-12
      0.2035  3.9442E-12
      0.2045  4.0863E-12
      0.2055  5.0947E-12
      0.2065  4.6049E-12
      0.2074  3.6213E-12
      0.2078  6.1920E-12
      0.2085  8.7160E-12
      0.2095  1.8263E-11
      0.2105  2.4057E-11
      0.2115  2.6075E-11
      0.2125  2.9316E-11
      0.2135  4.7648E-11
      0.2145  3.5192E-11
      0.2155  4.8249E-11
      0.2165  3.7470E-11
      0.2175  4.4173E-11
      0.2185  4.4687E-11
      0.2195  9.2894E-11
      0.2205  7.6416E-11
      0.2215  8.8839E-11
      0.2225  1.0100E-10
      0.2235  2.4616E-10
      0.2245  2.6815E-10
      0.2255  2.7192E-10
      0.2265  9.8243E-11
      0.2275  1.9615E-10
      0.2285  2.5580E-10
      0.2295  3.6783E-10
      0.2305  1.2803E-10
      0.2315  6.0574E-10
      0.2325  4.0714E-10
      0.2335  8.8338E-10
      0.2345  5.3677E-10
      0.2355  3.9994E-10
      0.2365  5.3672E-10
      0.2375  4.9307E-10
      0.2385  8.0583E-10
      0.2395  8.1947E-10
      0.2405  1.5620E-09
      0.2415  9.3666E-10
      0.2425  1.6975E-09
      0.2435  2.4520E-09
      0.2445  3.6480E-09
      0.2455  3.7836E-09
      0.2465  1.6590E-09
      0.2475  2.0058E-09
      0.2485  3.3359E-10
      0.2495  7.6958E-10
      0.2505  1.6708E-09
      0.2513  7.4604E-10
      0.2518  4.7527E-10
      0.2525  6.7108E-10
      0.2535  3.0162E-09
      0.2545  3.6686E-09
      0.2555  8.6492E-09
      0.2565  5.9617E-09
      0.2575  9.9209E-09
      0.2585  8.7247E-09
      0.2595  8.6474E-09
      0.2605  9.1536E-09
      0.2615  7.6008E-09
      0.2625  1.1903E-08
      0.2635  2.3664E-08
      0.2645  2.5044E-08
      0.2655  3.7713E-08
      0.2665  3.0192E-08
      0.2675  2.6266E-08
      0.2685  3.3115E-08
      0.2695  2.1491E-08
      0.2705  3.3565E-08
      0.2715  2.1589E-08
      0.2725  1.3425E-08
      0.2735  2.0767E-08
      0.2745  1.9283E-08
      0.2755  2.2721E-08
      0.2765  3.5912E-08
      0.2775  3.6245E-08
      0.2785  2.1380E-08
      0.2795  1.1460E-08
      0.2805  1.3771E-08
      0.2815  2.2313E-08
      0.2825  2.0773E-08
      0.2835  1.2583E-08
      0.2845  5.6642E-09
      0.2855  2.1482E-09
      0.2865  1.0356E-08
      0.2875  1.8812E-08
      0.2885  3.2368E-08
      0.2895  4.8544E-08
      0.2910  7.4858E-08
      0.2930  8.6851E-08
      0.2950  7.2169E-08
      0.2970  6.9239E-08
      0.2990  7.9122E-08
      0.3010  7.5139E-08
      0.3030  9.3598E-08
      0.3050  1.0723E-07
      0.3070  1.0583E-07
      0.3090  8.8844E-08
      0.3110  1.3660E-07
      0.3130  1.2948E-07
      0.3150  1.5097E-07
      0.3170  2.0922E-07
      0.3190  1.9449E-07
      0.3210  2.3073E-07
      0.3230  2.3882E-07
      0.3250  3.4919E-07
      0.3270  4.4376E-07
      0.3290  4.5083E-07
      0.3310  3.8096E-07
      0.3330  3.5830E-07
      0.3350  3.2771E-07
      0.3370  1.7746E-07
      0.3390  2.6618E-07
      0.3410  3.2338E-07
      0.3430  4.3142E-07
      0.3450  4.0275E-07
      0.3470  4.5244E-07
      0.3490  5.8205E-07
      0.3510  7.1197E-07
      0.3530  7.0309E-07
      0.3550  9.4198E-07
      0.3570  6.2002E-07
      0.3590  6.1251E-07
      0.3610  7.8415E-07
      0.3630  8.7711E-07
      0.3640  1.0022E-06
      0.3650  9.9906E-07
      0.3670  1.1978E-06
      0.3690  1.0781E-06
      0.3710  9.7946E-07
      0.3730  5.2137E-07
      0.3750  6.8758E-07
      0.3770  1.2091E-06
      0.3790  1.3212E-06
      0.3810  1.3011E-06
      0.3830  7.2399E-07
      0.3850  1.0999E-06
      0.3870  1.0352E-06
      0.3890  1.0805E-06
      0.3910  1.3702E-06
      0.3930  6.3262E-07
      0.3950  1.4045E-06
      0.3970  9.7250E-07
      0.3990  2.0828E-06
      0.4010  2.3749E-06
      0.4030  2.1194E-06
      0.4050  2.2981E-06
      0.4070  2.2248E-06
      0.4090  2.5356E-06
      0.4110  1.9470E-06
      0.4130  2.2376E-06
      0.4150  2.0041E-06
      0.4170  2.1417E-06
      0.4190  2.2940E-06
      0.4210  2.2613E-06
      0.4230  2.2138E-06
      0.4250  2.4793E-06
      0.4270  2.3806E-06
      0.4290  2.2824E-06
      0.4310  2.2170E-06
      0.4330  3.1898E-06
      0.4350  3.2215E-06
      0.4370  3.3033E-06
      0.4390  3.1875E-06
      0.4410  3.5173E-06
      0.4430  3.9774E-06
      0.4450  4.0866E-06
      0.4470  4.3622E-06
      0.4490  4.5778E-06
      0.4510  4.9030E-06
      0.4530  4.5987E-06
      0.4550  4.9173E-06
      0.4570  5.1355E-06
      0.4590  5.1897E-06
      0.4610  5.3172E-06
      0.4630  5.5195E-06
      0.4650  5.4832E-06
      0.4670  5.7981E-06
      0.4690  5.8288E-06
      0.4710  5.8579E-06
      0.4730  5.9669E-06
      0.4750  6.0158E-06
      0.4770  5.9199E-06
      0.4790  6.0290E-06
      0.4810  6.4398E-06
      0.4830  6.4134E-06
      0.4850  6.6143E-06
      0.4870  6.5584E-06
      0.4890  6.7436E-06
      0.4910  6.9452E-06
      0.4930  6.8194E-06
      0.4950  6.9076E-06
      0.4970  7.1397E-06
      0.4990  6.8294E-06
      0.5010  6.5315E-06
      0.5030  6.8028E-06
      0.5050  6.5472E-06
      0.5070  6.5913E-06
      0.5090  6.4694E-06
      0.5110  6.3384E-06
      0.5130  6.2652E-06
      0.5150  5.9410E-06
      0.5170  5.7618E-06
      0.5190  6.4883E-06
      0.5210  6.7626E-06
      0.5230  8.5235E-06
      0.5250  8.8524E-06
      0.5270  8.2936E-06
      0.5290  9.1030E-06
      0.5310  9.4823E-06
      0.5330  9.0028E-06
      0.5350  9.4938E-06
      0.5370  9.5440E-06
      0.5390  9.6084E-06
      0.5410  9.6521E-06
      0.5430  9.6840E-06
      0.5450  9.8481E-06
      0.5470  1.0260E-05
      0.5490  1.0418E-05
      0.5510  1.0342E-05
      0.5530  1.0780E-05
      0.5550  1.0959E-05
      0.5570  1.0907E-05
      0.5590  1.0872E-05
      0.5610  1.1135E-05
      0.5630  1.1473E-05
      0.5650  1.1691E-05
      0.5670  1.1700E-05
      0.5690  1.1911E-05
      0.5710  1.1821E-05
      0.5730  1.2171E-05
      0.5750  1.2313E-05
      0.5770  1.2453E-05
      0.5790  1.2504E-05
      0.5810  1.2686E-05
      0.5830  1.2852E-05
      0.5850  1.2887E-05
      0.5870  1.3018E-05
      0.5890  1.1536E-05
      0.5910  1.3211E-05
      0.5930  1.3384E-05
      0.5950  1.3482E-05
      0.5970  1.3673E-05
      0.5990  1.3802E-05
      0.6010  1.3877E-05
      0.6030  1.4039E-05
      0.6050  1.4203E-05
      0.6070  1.4250E-05
      0.6090  1.4360E-05
      0.6110  1.4453E-05
      0.6130  1.4209E-05
      0.6150  1.4685E-05
      0.6170  1.4425E-05
      0.6190  1.4915E-05
      0.6210  1.5027E-05
      0.6230  1.5055E-05
      0.6250  1.4972E-05
      0.6270  1.5302E-05
      0.6290  1.5506E-05
      0.6310  1.5595E-05
      0.6330  1.5757E-05
      0.6350  1.5994E-05
      0.6370  1.6115E-05
      0.6390  1.6194E-05
      0.6410  1.6188E-05
      0.6430  1.6324E-05
      0.6450  1.6395E-05
      0.6470  1.6507E-05
      0.6490  1.6515E-05
      0.6510  1.6919E-05
      0.6530  1.7136E-05
      0.6550  1.7125E-05
      0.6570  1.7085E-05
      0.6590  1.7377E-05
      0.6610  1.7562E-05
      0.6630  1.7724E-05
      0.6650  1.7815E-05
      0.6670  1.7842E-05
      0.6690  1.8097E-05
      0.6710  1.8137E-05
      0.6730  1.8343E-05
      0.6750  1.8351E-05
      0.6770  1.8544E-05
      0.6790  1.8677E-05
      0.6810  1.8778E-05
      0.6830  1.8934E-05
      0.6850  1.9019E-05
      0.6870  1.9111E-05
      0.6890  1.9272E-05
      0.6910  1.9374E-05
      0.6930  1.9485E-05
      0.6950  1.9561E-05
      0.6970  1.9729E-05
      0.6990  1.9800E-05
      0.7010  1.9921E-05
      0.7030  2.0055E-05
      0.7050  2.0183E-05
      0.7070  2.0258E-05
      0.7090  2.0359E-05
      0.7110  2.0488E-05
      0.7130  2.0561E-05
      0.7150  2.0552E-05
      0.7170  2.0820E-05
      0.7190  2.0828E-05
      0.7210  2.0898E-05
      0.7230  2.1171E-05
      0.7250  2.1194E-05
      0.7270  2.1398E-05
      0.7290  2.1497E-05
      0.7310  2.1613E-05
      0.7330  2.1664E-05
      0.7350  2.1754E-05
      0.7370  2.1947E-05
      0.7390  2.2026E-05
      0.7410  2.2075E-05
      0.7430  2.2242E-05
      0.7450  2.2344E-05
      0.7470  2.2459E-05
      0.7490  2.2558E-05
      0.7510  2.2668E-05
      0.7530  2.2812E-05
      0.7550  2.2924E-05
      0.7570  2.3029E-05
      0.7590  2.3106E-05
      0.7610  2.3231E-05
      0.7630  2.3350E-05
      0.7650  2.3455E-05
      0.7670  2.3253E-05
      0.7690  2.3656E-05
      0.7710  2.3546E-05
      0.7730  2.3837E-05
      0.7750  2.3881E-05
      0.7770  2.4081E-05
      0.7790  2.4156E-05
      0.7810  2.4287E-05
      0.7830  2.4342E-05
      0.7850  2.4448E-05
      0.7870  2.4582E-05
      0.7890  2.4668E-05
      0.7910  2.4712E-05
      0.7930  2.4792E-05
      0.7950  2.4847E-05
      0.7970  2.5057E-05
      0.7990  2.5139E-05
      0.8010  2.5207E-05
      0.8030  2.5328E-05
      0.8050  2.5339E-05
      0.8070  2.5486E-05
      0.8090  2.5579E-05
      0.8110  2.5705E-05
      0.8130  2.5813E-05
      0.8150  2.5908E-05
      0.8170  2.6002E-05
      0.8190  2.5775E-05
      0.8210  2.6098E-05
      0.8230  2.6205E-05
      0.8250  2.6343E-05
      0.8270  2.6475E-05
      0.8290  2.6559E-05
      0.8310  2.6600E-05
      0.8330  2.6372E-05
      0.8350  2.6793E-05
      0.8370  2.6832E-05
      0.8390  2.6231E-05
      0.8410  2.6991E-05
      0.8430  2.6637E-05
      0.8450  2.7251E-05
      0.8470  2.7151E-05
      0.8490  2.7302E-05
      0.8510  2.6661E-05
      0.8530  2.7489E-05
      0.8550  2.5707E-05
      0.8570  2.7793E-05
      0.8590  2.7847E-05
      0.8610  2.7905E-05
      0.8630  2.8026E-05
      0.8650  2.8078E-05
      0.8670  2.6314E-05
      0.8690  2.7720E-05
      0.8710  2.8376E-05
      0.8730  2.8458E-05
      0.8750  2.8482E-05
      0.8770  2.8614E-05
      0.8790  2.8704E-05
      0.8810  2.8484E-05
      0.8830  2.8521E-05
      0.8850  2.8885E-05
      0.8870  2.8978E-05
      0.8890  2.9125E-05
      0.8910  2.9208E-05
      0.8930  2.9262E-05
      0.8950  2.9291E-05
      0.8970  2.9414E-05
      0.8990  2.9510E-05
      0.9010  2.9270E-05
      0.9030  2.9630E-05
      0.9050  2.9748E-05
      0.9070  2.9824E-05
      0.9090  2.9689E-05
      0.9110  2.9923E-05
      0.9130  3.0003E-05
      0.9150  3.0065E-05
      0.9170  3.0117E-05
      0.9190  3.0203E-05
      0.9210  3.0236E-05
      0.9230  3.0336E-05
      0.9250  3.0363E-05
      0.9270  3.0471E-05
      0.9290  3.0507E-05
      0.9310  3.0643E-05
      0.9330  3.0718E-05
      0.9350  3.0779E-05
      0.9370  3.0781E-05
      0.9390  3.0925E-05
      0.9410  3.0951E-05
      0.9430  3.1063E-05
      0.9450  3.1083E-05
      0.9470  3.1211E-05
      0.9490  3.1284E-05
      0.9510  3.1362E-05
      0.9530  3.1416E-05
      0.9550  3.1385E-05
      0.9570  3.1524E-05
      0.9590  3.1637E-05
      0.9610  3.1592E-05
      0.9630  3.1756E-05
      0.9650  3.1366E-05
      0.9670  3.1564E-05
      0.9690  3.1877E-05
      0.9710  3.1813E-05
      0.9730  3.1852E-05
      0.9750  3.1993E-05
      0.9770  3.2149E-05
      0.9790  3.1886E-05
      0.9810  3.2357E-05
      0.9830  3.2405E-05
      0.9850  3.2492E-05
      0.9870  3.2542E-05
      0.9890  3.2612E-05
      0.9910  3.2671E-05
      0.9930  3.2742E-05
      0.9950  3.2803E-05
      0.9970  3.2867E-05
      0.9990  3.2931E-05
      1.0025  3.3022E-05
      1.0075  3.3166E-05
      1.0125  3.3316E-05
      1.0175  3.3443E-05
      1.0225  3.3606E-05
      1.0275  3.3765E-05
      1.0325  3.3827E-05
      1.0375  3.3973E-05
      1.0425  3.4181E-05
      1.0475  3.4279E-05
      1.0525  3.4449E-05
      1.0575  3.4540E-05
      1.0625  3.4693E-05
      1.0675  3.4784E-05
      1.0725  3.4935E-05
      1.0775  3.5045E-05
      1.0825  3.5080E-05
      1.0875  3.5286E-05
      1.0925  3.5412E-05
      1.0975  3.5430E-05
      1.1025  3.5545E-05
      1.1075  3.5690E-05
      1.1125  3.5785E-05
      1.1175  3.5916E-05
      1.1225  3.6073E-05
      1.1275  3.6103E-05
      1.1325  3.6280E-05
      1.1375  3.6318E-05
      1.1425  3.6303E-05
      1.1475  3.6651E-05
      1.1525  3.6775E-05
      1.1575  3.6831E-05
      1.1625  3.6689E-05
      1.1675  3.6985E-05
      1.1725  3.7235E-05
      1.1775  3.7204E-05
      1.1825  3.7269E-05
      1.1875  3.7163E-05
      1.1925  3.7646E-05
      1.1975  3.7323E-05
      1.2025  3.7791E-05
      1.2075  3.7869E-05
      1.2125  3.8065E-05
      1.2175  3.8192E-05
      1.2225  3.8296E-05
      1.2275  3.8389E-05
      1.2325  3.8508E-05
      1.2375  3.8611E-05
      1.2425  3.8716E-05
      1.2475  3.8828E-05
      1.2525  3.8924E-05
      1.2575  3.9032E-05
      1.2625  3.9128E-05
      1.2675  3.9232E-05
      1.2725  3.9349E-05
      1.2775  3.9450E-05
      1.2825  3.9443E-05
      1.2875  3.9632E-05
      1.2925  3.9675E-05
      1.2975  3.9866E-05
      1.3025  3.9977E-05
      1.3075  4.0072E-05
      1.3125  4.0030E-05
      1.3175  4.0180E-05
      1.3225  4.0366E-05
      1.3275  4.0356E-05
      1.3325  4.0229E-05
      1.3375  4.0083E-05
      1.3425  4.0083E-05
      1.3475  4.0369E-05
      1.3525  4.0364E-05
      1.3575  4.0527E-05
      1.3625  4.0533E-05
      1.3675  4.0873E-05
      1.3725  4.1025E-05
      1.3775  4.1175E-05
      1.3825  4.1269E-05
      1.3875  4.1196E-05
      1.3925  4.0745E-05
      1.3975  4.1047E-05
      1.4025  4.1281E-05
      1.4075  4.1479E-05
      1.4125  4.1416E-05
      1.4175  4.1597E-05
      1.4225  4.1740E-05
      1.4275  4.1812E-05
      1.4325  4.2026E-05
      1.4375  4.2158E-05
      1.4425  4.2315E-05
      1.4475  4.2501E-05
      1.4525  4.2560E-05
      1.4570  4.2652E-05
      1.4620  4.2492E-05
      1.4675  4.2658E-05
      1.4725  4.3051E-05
      1.4775  4.3123E-05
      1.4825  4.3341E-05
      1.4875  4.3258E-05
      1.4925  4.3816E-05
      1.4975  4.4132E-05
      1.5025  4.3368E-05
      1.5075  4.4144E-05
      1.5125  4.4506E-05
      1.5175  4.4783E-05
      1.5225  4.5071E-05
      1.5275  4.4898E-05
      1.5325  4.5416E-05
      1.5375  4.5411E-05
      1.5425  4.5304E-05
      1.5475  4.6052E-05
      1.5525  4.5984E-05
      1.5575  4.6112E-05
      1.5625  4.6585E-05
      1.5675  4.6747E-05
      1.5725  4.6714E-05
      1.5775  4.6626E-05
      1.5825  4.7374E-05
      1.5875  4.7130E-05
      1.5925  4.7654E-05
      1.5975  4.8000E-05
      1.6050  4.7983E-05
      1.6150  4.8461E-05
      1.6250  4.8403E-05
      1.6350  4.8594E-05
      1.6450  4.8448E-05
      1.6550  4.8374E-05
      1.6650  4.8102E-05
      1.6750  4.7687E-05
      1.6850  4.7496E-05
      1.6950  4.7234E-05
      1.7050  4.6856E-05
      1.7150  4.6130E-05
      1.7250  4.6033E-05
      1.7350  4.5497E-05
      1.7450  4.5230E-05
      1.7550  4.4617E-05
      1.7650  4.4244E-05
      1.7750  4.3727E-05
      1.7850  4.3212E-05
      1.7950  4.2928E-05
      1.8050  4.2371E-05
      1.8150  4.2129E-05
      1.8250  4.1816E-05
      1.8350  4.1629E-05
      1.8450  4.1030E-05
      1.8550  4.0452E-05
      1.8650  4.0412E-05
      1.8750  3.9892E-05
      1.8850  4.0226E-05
      1.8950  3.9947E-05
      1.9050  3.9933E-05
      1.9150  3.9724E-05
      1.9250  3.9520E-05
      1.9350  3.9095E-05
      1.9450  3.8807E-05
      1.9550  3.8704E-05
      1.9650  3.8483E-05
      1.9750  3.7958E-05
      1.9850  3.7720E-05
      1.9950  3.7452E-05
      2.0050  3.7359E-05
      2.0150  3.7043E-05
      2.0250  3.6813E-05
      2.0350  3.6661E-05
      2.0450  3.6470E-05
      2.0550  3.6365E-05
      2.0650  3.6013E-05
      2.0750  3.5985E-05
      2.0850  3.5727E-05
      2.0950  3.5646E-05
      2.1050  3.5501E-05
      2.1150  3.5367E-05
      2.1250  3.5212E-05
      2.1350  3.5094E-05
      2.1450  3.4966E-05
      2.1550  3.4833E-05
      2.1650  3.4697E-05
      2.1750  3.4520E-05
      2.1850  3.4397E-05
      2.1950  3.4262E-05
      2.2050  3.4039E-05
      2.2150  3.3981E-05
      2.2250  3.3756E-05
      2.2350  3.3621E-05
      2.2450  3.3471E-05
      2.2550  3.3290E-05
      2.2650  3.3086E-05
      2.2750  3.2926E-05
      2.2850  3.2742E-05
      2.2950  3.1687E-05
      2.3050  3.1875E-05
      2.3150  3.1759E-05
      2.3250  3.0697E-05
      2.3350  3.0996E-05
      2.3450  3.1029E-05
      2.3550  2.9985E-05
      2.3650  3.0359E-05
      2.3750  3.0399E-05
      2.3850  2.9375E-05
      2.3950  2.9610E-05
      2.4050  2.9236E-05
      2.4150  2.8566E-05
      2.4250  2.8454E-05
      2.4350  2.8087E-05
      2.4450  2.7503E-05
      2.4550  2.7167E-05
      2.4650  2.6802E-05
      2.4750  2.6435E-05
      2.4850  2.5918E-05
      2.4950  2.5838E-05
      2.5050  2.5590E-05
      2.5150  2.5047E-05
      2.5250  2.4674E-05
      2.5350  2.4687E-05
      2.5450  2.4723E-05
      2.5550  2.4767E-05
      2.5650  2.4070E-05
      2.5750  2.4506E-05
      2.5850  2.4504E-05
      2.5950  2.4447E-05
      2.6050  2.4476E-05
      2.6150  2.4874E-05
      2.6250  2.4614E-05
      2.6350  2.4651E-05
      2.6450  2.4462E-05
      2.6550  2.4488E-05
      2.6650  2.4347E-05
      2.6750  2.3810E-05
      2.6850  2.3711E-05
      2.6950  2.3169E-05
      2.7050  2.3208E-05
      2.7150  2.2744E-05
      2.7250  2.2348E-05
      2.7350  2.2386E-05
      2.7450  2.2589E-05
      2.7550  2.1914E-05
      2.7650  2.1971E-05
      2.7750  2.2029E-05
      2.7850  2.1535E-05
      2.7950  2.2023E-05
      2.8050  2.0805E-05
      2.8150  2.1221E-05
      2.8250  2.1055E-05
      2.8350  2.0741E-05
      2.8450  2.1243E-05
      2.8550  2.0425E-05
      2.8650  2.0937E-05
      2.8750  2.0520E-05
      2.8850  2.0311E-05
      2.8950  2.0510E-05
      2.9050  1.9730E-05
      2.9150  2.0610E-05
      2.9250  1.9176E-05
      2.9350  2.0449E-05
      2.9450  1.8905E-05
      2.9550  1.9968E-05
      2.9650  1.8985E-05
      2.9750  1.9752E-05
      2.9850  1.8744E-05
      2.9950  1.9732E-05
      3.0050  1.8540E-05
      3.0150  1.9599E-05
      3.0250  1.8545E-05
      3.0350  1.9173E-05
      3.0450  1.8460E-05
      3.0550  1.8912E-05
      3.0650  1.8816E-05
      3.0750  1.8542E-05
      3.0850  1.8552E-05
      3.0950  1.8207E-05
      3.1050  1.8758E-05
      3.1150  1.8248E-05
      3.1250  1.8589E-05
      3.1350  1.8025E-05
      3.1450  1.8309E-05
      3.1550  1.8182E-05
      3.1650  1.8364E-05
      3.1750  1.8042E-05
      3.1850  1.8145E-05
      3.1950  1.8021E-05
      3.2100  1.8133E-05
      3.2300  1.7896E-05
      3.2500  1.7959E-05
      3.2700  1.7835E-05
      3.2900  1.7644E-05
      3.3100  1.7755E-05
      3.3300  1.7538E-05
      3.3500  1.7479E-05
      3.3700  1.7486E-05
      3.3900  1.7187E-05
      3.4100  1.7237E-05
      3.4300  1.7241E-05
      3.4500  1.6836E-05
      3.4700  1.6966E-05
      3.4900  1.6823E-05
      3.5100  1.6627E-05
      3.5300  1.6485E-05
      3.5500  1.6511E-05
      3.5700  1.6251E-05
      3.5900  1.6155E-05
      3.6100  1.6150E-05
      3.6300  1.5925E-05
      3.6500  1.5847E-05
      3.6700  1.5721E-05
      3.6900  1.5635E-05
      3.7100  1.5449E-05
      3.7300  1.5341E-05
      3.7500  1.5322E-05
      3.7700  1.5083E-05
      3.7900  1.5080E-05
      3.8100  1.4880E-05
      3.8300  1.4782E-05
      3.8500  1.4662E-05
      3.8700  1.4603E-05
      3.8900  1.4406E-05
      3.9100  1.4317E-05
      3.9300  1.4191E-05
      3.9500  1.4122E-05
      3.9700  1.3974E-05
      3.9900  1.3764E-05
      4.0100  1.3739E-05
      4.0300  1.3592E-05
      4.0500  1.3464E-05
      4.0700  1.3269E-05
      4.0900  1.3216E-05
      4.1100  1.3083E-05
      4.1300  1.2997E-05
      4.1500  1.2889E-05
      4.1700  1.2731E-05
      4.1900  1.2683E-05
      4.2100  1.2535E-05
      4.2300  1.2495E-05
      4.2500  1.2330E-05
      4.2700  1.2242E-05
      4.2900  1.1988E-05
      4.3100  1.1635E-05
      4.3300  1.1643E-05
      4.3500  1.1324E-05
      4.3700  1.1093E-05
      4.3900  1.1020E-05
      4.4100  1.0766E-05
      4.4300  1.0624E-05
      4.4500  1.0538E-05
      4.4700  1.0336E-05
      4.4900  1.0305E-05
      4.5100  1.0133E-05
      4.5300  1.0023E-05
      4.5500  9.9870E-06
      4.5700  9.9605E-06
      4.5900  9.7817E-06
      4.6100  9.7755E-06
      4.6300  9.6713E-06
      4.6500  9.7409E-06
      4.6700  9.6720E-06
      4.6900  9.5791E-06
      4.7100  9.5560E-06
      4.7300  9.5738E-06
      4.7500  9.4260E-06
      4.7700  9.3426E-06
      4.7900  9.3395E-06
      4.8100  9.1530E-06
      4.8300  9.2438E-06
      4.8500  9.1163E-06
      4.8700  8.9915E-06
      4.8900  8.9310E-06
      4.9100  8.9987E-06
      4.9300  8.7833E-06
      4.9500  8.7802E-06
      4.9700  8.6952E-06
      4.9900  8.6743E-06
      5.0100  8.5420E-06
      5.0300  8.4999E-06
      5.0500  8.4087E-06
      5.0700  8.3989E-06
      5.0900  8.3154E-06
      5.1100  8.3132E-06
      5.1300  8.2027E-06
      5.1500  8.1962E-06
      5.1700  8.0850E-06
      5.1900  8.0465E-06
      5.2100  8.0294E-06
      5.2300  7.9514E-06
      5.2500  7.8652E-06
      5.2700  7.9091E-06
      5.2900  7.7443E-06
      5.3100  7.8242E-06
      5.3300  7.6732E-06
      5.3500  7.6773E-06
      5.3700  7.5775E-06
      5.3900  7.6465E-06
      5.4100  7.5288E-06
      5.4300  7.3482E-06
      5.4500  7.4612E-06
      5.4700  7.4130E-06
      5.4900  7.3995E-06
      5.5100  7.3269E-06
      5.5300  7.3089E-06
      5.5500  7.1799E-06
      5.5700  7.1822E-06
      5.5900  7.2157E-06
      5.6100  7.1180E-06
      5.6300  7.0692E-06
      5.6500  7.0675E-06
      5.6700  7.0044E-06
      5.6900  6.9261E-06
      5.7100  6.9640E-06
      5.7300  6.8201E-06
      5.7500  6.9672E-06
      5.7700  6.8318E-06
      5.7900  6.7737E-06
      5.8100  6.8244E-06
      5.8300  6.6925E-06
      5.8500  6.7055E-06
      5.8700  6.6789E-06
      5.8900  6.6614E-06
      5.9100  6.6026E-06
      5.9300  6.6063E-06
      5.9500  6.5706E-06
      5.9700  6.4989E-06
      5.9900  6.5232E-06
      6.0100  6.5380E-06
      6.0300  6.4006E-06
      6.0500  6.3469E-06
      6.0700  6.4082E-06
      6.0900  6.3877E-06
      6.1100  6.2778E-06
      6.1300  6.3720E-06
      6.1500  6.2523E-06
      6.1700  6.2477E-06
      6.1900  6.2215E-06
      6.2100  6.1847E-06
      6.2300  6.1925E-06
      6.2500  6.1099E-06
      6.2700  6.0743E-06
      6.2900  6.0724E-06
      6.3100  6.0096E-06
      6.3300  6.0021E-06
      6.3500  5.8990E-06
      6.3700  5.9232E-06
      6.3900  5.8543E-06
      6.4200  5.7565E-06
      6.4600  5.5326E-06
      6.5000  5.4131E-06
      6.5400  5.3271E-06
      6.5800  5.1305E-06
      6.6200  5.0438E-06
      6.6600  5.0435E-06
      6.7000  4.9456E-06
      6.7400  4.9440E-06
      6.7800  4.8073E-06
      6.8200  4.7358E-06
      6.8600  4.7928E-06
      6.9000  4.7144E-06
      6.9400  4.6362E-06
      6.9800  4.6879E-06
      7.0200  4.5581E-06
      7.0600  4.5336E-06
      7.1000  4.4880E-06
      7.1400  4.4678E-06
      7.1800  4.4648E-06
      7.2200  4.3400E-06
      7.2600  4.3207E-06
      7.3000  4.3350E-06
      7.3400  4.2466E-06
      7.3800  4.2468E-06
      7.4200  4.1619E-06
      7.4600  4.1691E-06
      7.5000  4.1260E-06
      7.5400  4.0880E-06
      7.5800  4.0011E-06
      7.6200  3.9618E-06
      7.6600  3.9396E-06
      7.7000  3.9407E-06
      7.7400  3.8327E-06
      7.7800  3.8481E-06
      7.8200  3.7923E-06
      7.8600  3.7614E-06
      7.9000  3.6700E-06
      7.9400  3.7103E-06
      7.9800  3.6047E-06
      8.0200  3.6307E-06
      8.0600  3.5634E-06
      8.1000  3.5045E-06
      8.1400  3.5001E-06
      8.1800  3.4839E-06
      8.2200  3.4144E-06
      8.2600  3.4432E-06
      8.3000  3.3844E-06
      8.3400  3.3262E-06
      8.3800  3.2735E-06
      8.4200  3.3370E-06
      8.4600  3.2761E-06
      8.5000  3.2174E-06
      8.5400  3.2323E-06
      8.5800  3.1995E-06
      8.6200  3.1916E-06
      8.6600  3.1643E-06
      8.7000  3.1666E-06
      8.7400  3.0866E-06
      8.7800  3.0873E-06
      8.8200  3.0653E-06
      8.8600  3.0421E-06
      8.9000  3.0392E-06
      8.9400  3.0186E-06
      8.9800  2.9811E-06
      9.0200  2.9835E-06
      9.0600  2.9584E-06
      9.1000  2.9306E-06
      9.1400  2.9109E-06
      9.1800  2.8900E-06
      9.2200  2.8730E-06
      9.2600  2.8321E-06
      9.3000  2.8364E-06
      9.3400  2.8072E-06
      9.3800  2.7853E-06
      9.4200  2.7525E-06
      9.4600  2.7217E-06
      9.5000  2.7133E-06
      9.5400  2.7278E-06
      9.5800  2.6639E-06
      9.6200  2.6443E-06
      9.6600  2.6218E-06
      9.7000  2.6070E-06
      9.7400  2.6002E-06
      9.7800  2.5737E-06
      9.8200  2.5546E-06
      9.8600  2.5397E-06
      9.9000  2.4499E-06
      9.9400  2.4859E-06
      9.9800  2.4571E-06
     10.0200  2.4390E-06
     20.0000  6.5740E-07
     40.0000  1.6786E-07
     60.0000  7.4570E-08
     80.0000  4.1778E-08
    100.0000  2.6612E-08
    120.0000  1.8391E-08
    140.0000  1.3447E-08
    160.0000  1.0248E-08
    174.6139  9.2196E-09
    190.5626  7.7476E-09
    207.9679  6.5102E-09
    226.9631  5.4701E-09
    247.6931  4.5958E-09
    270.3167  3.8611E-09
    295.0065  3.2437E-09
    321.9514  2.7248E-09
    351.3575  2.2889E-09
    383.4493  1.9226E-09
    418.4724  1.6149E-09
    456.6943  1.3564E-09
    498.4073  1.1392E-09
    543.9302  9.5681E-10
    593.6111  8.0358E-10
    647.8296  6.7487E-10
    707.0003  5.6677E-10
    771.5754  4.7597E-10
    842.0486  3.9971E-10
    918.9587  3.3567E-10
   1002.8934  2.8188E-10
   1094.4945  2.3671E-10
   1194.4622  1.9877E-10
   1303.5604  1.6691E-10
   1422.6235  1.4016E-10
   1552.5614  1.1769E-10
   1694.3674  9.8826E-11
   1849.1255  8.2984E-11
   2018.0187  6.9681E-11
   2202.3381  5.8510E-11
   2403.4927  4.9129E-11
   2623.0200  4.1252E-11
   2862.5981  3.4638E-11
   3124.0588  2.9084E-11
   3409.4001  2.4421E-11
   3720.8040  2.0505E-11
   4060.6504  1.7217E-11
   4431.5371  1.4457E-11
   4836.2993  1.2138E-11
   5278.0317  1.0192E-11
   5760.1104  8.5576E-12
   6286.2202  7.1853E-12
   6860.3833  6.0331E-12
   7486.9888  5.0656E-12
   8170.8267  4.2533E-12
   8917.1240  3.5712E-12
   9731.5850  2.9985E-12
  10620.4375  2.5176E-12
  11590.4736  2.1139E-12
  12649.1104  1.7749E-12
  13804.4395  1.4902E-12
  15065.2930  1.2512E-12
  16441.3086  1.0506E-12
  17943.0059  8.8210E-13
  19581.8613  7.4063E-13
  21370.4062  6.2185E-13
  23322.3125  5.2212E-13
  25452.4961  4.3839E-13
  27777.2461  3.6808E-13
  30314.3320  3.0905E-13
  33083.1445  2.5948E-13
  36104.8555  2.1787E-13
  39402.5547  1.8293E-13
  43001.4609  1.5359E-13
  46929.0742  1.2896E-13
  51215.4258  1.0828E-13
  55893.2812  9.0911E-14
  60998.3945  7.6331E-14
  66569.7891  6.4089E-14
  72650.0625  5.3810E-14
  79285.6875  4.5180E-14
  86527.3906  3.7934E-14
  94430.5234  3.1851E-14
 103055.5078  2.6742E-14
 112468.2656  2.2453E-14
 122740.7578  1.8852E-14
 133951.5000  1.5829E-14
 146186.2031  1.3290E-14
 159538.3906  1.1159E-14
 174110.1094  9.3691E-15
 190012.7656  7.8665E-15
 207367.9375  6.6048E-15
 226308.2500  5.5456E-15
 246978.5312  4.6562E-15
 269536.7500  3.9094E-15
 294155.3750  3.2824E-15
 321022.5938  2.7560E-15
 350343.7812  2.3140E-15
 382343.0625  1.9429E-15
 417265.0312  1.6313E-15
 455376.6875  1.3696E-15
 496969.3438  1.1500E-15
 542360.9375  9.6554E-16
 591898.4375  8.1069E-16
 645960.5625  6.8067E-16
 704960.5000  5.7150E-16
 769349.3750  4.7985E-16
 839619.2500  4.0289E-16
 916307.4375  3.3827E-16
1000000.0000  2.8402E-16
