.091 1.07e-2
.10  1.47e-2
.11  2.04e-2
.13  2.05e-2
.143 1.82e-2
.18  1.24e-2
.20  1.04e-2
.21  9.61e-3
.216 9.17e-3
.230 8.25e-3
.250 7.27e-3
.346 1.30e-2
.435 1.50e-2
.55  1.57e-2
.70  1.53e-2
.90  1.32e-2
1.20 9.26e-3
1.8  4.06e-3
2.2  2.41e-3
2.4  1.89e-3
3.4  6.49e-4
4.0  3.79e-4
5.0  1.76e-4
6.0  9.21e-5
8.0 4.33e-5
10  3.26e-5
12  2.21e-5
20  7.13e-6
25  1.14e-5
30  1.70e-5
40  3.06e-5
50 4.08e-5
60 4.76e-5
70 4.51e-5
80 4.20e-5
90 3.62e-5
100 3.16e-5
150 1.36e-5
200 5.61e-6
300 1.39e-6
400 5.61e-7
600 1.32e-7
800 4.20e-8
1000 2.14e-8
