 1.9247e+03  3.2492e-16
 1.7825e+03  4.6943e-16
 1.6508e+03  6.7731e-16
 1.5288e+03  9.7580e-16
 1.4159e+03  1.4036e-15
 1.3113e+03  2.0154e-15
 1.2144e+03  2.8884e-15
 1.1247e+03  4.1310e-15
 1.0416e+03  5.8948e-15
 9.6464e+02  8.3871e-15
 8.9337e+02  1.1896e-14
 8.2736e+02  1.6822e-14
 7.6624e+02  2.3713e-14
 7.0963e+02  3.3307e-14
 6.5720e+02  4.6595e-14
 6.0864e+02  6.4907e-14
 5.6368e+02  9.0000e-14
 5.2203e+02  1.2416e-13
 4.8346e+02  1.7037e-13
 4.4774e+02  2.3237e-13
 4.1466e+02  3.1488e-13
 3.8403e+02  4.2374e-13
 3.5566e+02  5.6592e-13
 3.2938e+02  7.4943e-13
 3.0504e+02  9.8341e-13
 2.8251e+02  1.2786e-12
 2.6164e+02  1.6451e-12
 2.4231e+02  2.0940e-12
 2.2440e+02  2.6354e-12
 2.0782e+02  3.2727e-12
 1.9247e+02  4.0203e-12
 1.7825e+02  4.8788e-12
 1.6508e+02  5.8248e-12
 1.5288e+02  6.8355e-12
 1.4159e+02  7.8464e-12
 1.3113e+02  8.7626e-12
 1.2144e+02  9.6007e-12
 1.1247e+02  1.0387e-11
 1.0416e+02  1.1100e-11
 9.6464e+01  1.1708e-11
 8.9337e+01  1.2179e-11
 8.2736e+01  1.2522e-11
 7.6624e+01  1.2756e-11
 7.0963e+01  1.2893e-11
 6.5720e+01  1.2968e-11
 6.0864e+01  1.2990e-11
 5.6368e+01  1.2967e-11
 5.2203e+01  1.2893e-11
 4.8346e+01  1.2765e-11
 4.4774e+01  1.2572e-11
 4.1466e+01  1.2299e-11
 3.8403e+01  1.1941e-11
 3.5566e+01  1.1527e-11
 3.2938e+01  1.1070e-11
 3.0504e+01  1.0618e-11
 2.8251e+01  1.0183e-11
 2.6164e+01  9.8090e-12
 2.4231e+01  9.5056e-12
 2.2440e+01  9.2937e-12
 2.0782e+01  9.1979e-12
 1.9247e+01  9.0642e-12
 1.7825e+01  8.3618e-12
 1.6508e+01  7.0927e-12
 1.5288e+01  5.8460e-12
 1.4159e+01  5.1002e-12
 1.3113e+01  5.3736e-12
 1.2144e+01  6.1513e-12
 1.1247e+01  7.0814e-12
 1.0416e+01  8.1729e-12
 9.6464e+00  8.7492e-12
 8.9337e+00  7.3893e-12
 8.2736e+00  5.4472e-12
 7.6624e+00  4.3035e-12
 7.0963e+00  4.2673e-12
 6.5720e+00  4.5972e-12
 6.0864e+00  5.0284e-12
 5.6368e+00  5.5830e-12
 5.2203e+00  6.2712e-12
 4.8346e+00  7.0868e-12
 4.4774e+00  8.0309e-12
 4.1466e+00  9.2416e-12
 3.8403e+00  1.0656e-11
 3.5566e+00  1.2228e-11
 3.2938e+00  1.4125e-11
 3.0504e+00  1.6446e-11
 2.8251e+00  1.9025e-11
 2.6164e+00  2.2009e-11
 2.4231e+00  2.5599e-11
 2.2440e+00  2.9555e-11
 2.0782e+00  3.4135e-11
 1.9247e+00  3.8917e-11
 1.7825e+00  4.4392e-11
 1.6508e+00  4.9957e-11
 1.5288e+00  5.5983e-11
 1.4159e+00  6.1800e-11
 1.3113e+00  6.7693e-11
 1.2144e+00  7.3112e-11
 1.1247e+00  7.7588e-11
 1.0416e+00  8.1166e-11
 9.6464e-01  8.3075e-11
 8.9337e-01  8.3735e-11
 8.2736e-01  8.2229e-11
 7.6624e-01  7.8659e-11
 7.0963e-01  7.3450e-11
 6.5720e-01  6.6459e-11
 6.0864e-01  5.8255e-11
 5.6368e-01  4.9634e-11
 5.2203e-01  4.0413e-11
 4.8346e-01  3.1744e-11
 4.4774e-01  2.3777e-11
 4.1466e-01  1.7130e-11
 3.8403e-01  1.1647e-11
 3.5566e-01  7.5176e-12
 3.2938e-01  4.5856e-12
 3.0504e-01  2.6272e-12
 2.8251e-01  1.3672e-12
 2.6164e-01  6.7402e-13
 2.4231e-01  3.0016e-13
 2.2440e-01  1.4425e-13
 2.0782e-01  4.8936e-14
 1.9247e-01  1.5938e-14
 1.7825e-01  5.6042e-15
 1.6508e-01  2.2025e-15
 1.5288e-01  3.2922e-16
 1.4159e-01  6.9714e-17
 1.3113e-01  1.2749e-17
 1.2144e-01  1.9905e-18
 1.1247e-01  2.6206e-19
 1.0416e-01  2.8709e-20
 9.6464e-02  2.5798e-21
 8.9337e-02  1.8722e-22
 8.2736e-02  1.0791e-23
 7.6624e-02  4.8518e-25
 7.0963e-02  1.6688e-26
 6.5720e-02  4.2994e-28
 6.0864e-02  8.1111e-30
 5.6368e-02  1.0933e-31
 5.2203e-02  1.0254e-33
 4.8346e-02  6.5019e-36
 4.4774e-02  2.7024e-38
 4.1466e-02  7.1197e-41
 3.8403e-02  1.1466e-43
 3.5566e-02  1.0855e-46
 3.2938e-02  5.7910e-50
 3.0504e-02  1.6630e-53
 2.8251e-02  2.4467e-57
 2.6164e-02  1.7487e-61
 2.4231e-02  5.7310e-66
 2.2440e-02  8.0933e-71
 2.0782e-02  4.6050e-76
